GENE	DRIVER_FREQUENCY	DRIVER_SNV_FREQUENCY	DRIVER_DELTION_FREQUENCY	DRIVER_AMPLIFICATION_FREQUENCY	CANCER_CENSUS	PAN_CANCER	IMPACT	MUTATION_FREQUENCY	SNV_FREQUENCY	DELTION_FREQUENCY	AMPLIFICATION_FREQUENCY
TP53	0.266	0.250	0.016	0.000	CC	PC	119.830316918634	0.266	0.250	0.016	0.000
TTN	0.286	0.286	0.000	0.000	-	-	92.3294778136288	0.417	0.417	0.000	0.000
CTNNB1	0.271	0.271	0.000	0.000	CC	PC	46.6818646049783	0.276	0.276	0.000	0.000
LAMA1	0.094	0.094	0.000	0.000	-	-	40.6694568650292	0.099	0.099	0.000	0.000
COL14A1	0.115	0.047	0.000	0.068	-	-	38.6814818986676	0.125	0.052	0.000	0.073
APOB	0.146	0.141	0.000	0.005	-	-	37.8646066059101	0.151	0.146	0.000	0.005
FN1	0.052	0.052	0.000	0.000	-	PC	36.463907531838	0.057	0.057	0.000	0.000
HTT	0.047	0.047	0.000	0.000	-	-	34.8633110309567	0.078	0.078	0.000	0.000
DMD	0.089	0.089	0.000	0.000	-	PC	31.1564057066103	0.109	0.109	0.000	0.000
SMARCA2	0.026	0.021	0.000	0.005	-	-	27.5022337801071	0.052	0.042	0.005	0.005
PTK2	0.078	0.031	0.000	0.052	-	-	25.4633993271266	0.089	0.031	0.000	0.062
LRP2	0.078	0.078	0.000	0.000	-	-	24.8234541518262	0.099	0.099	0.000	0.000
PCDH11Y	0.094	0.021	0.073	0.000	-	-	21.9013819258136	0.172	0.036	0.141	0.000
PTK2B	0.052	0.021	0.031	0.000	-	-	21.8409132668189	0.073	0.031	0.042	0.000
ITGAV	0.036	0.036	0.000	0.000	-	-	21.7592544222611	0.042	0.042	0.000	0.000
LAMC1	0.057	0.047	0.000	0.010	-	-	21.5755265915442	0.062	0.052	0.000	0.010
RB1	0.052	0.042	0.010	0.000	CC	PC	20.1943235509648	0.083	0.062	0.026	0.000
AR	0.042	0.031	0.000	0.010	-	PC	19.7020734482664	0.042	0.031	0.000	0.010
FBN2	0.021	0.021	0.000	0.000	-	PC	18.7956456292078	0.083	0.083	0.000	0.000
LRP1	0.073	0.073	0.000	0.000	-	-	18.6883453476326	0.078	0.078	0.000	0.000
NFKB1	0.026	0.021	0.005	0.000	-	-	18.3601913967919	0.036	0.031	0.005	0.000
PIK3CB	0.016	0.016	0.000	0.000	-	PC	17.5018781158239	0.036	0.036	0.000	0.000
BCL9	0.036	0.010	0.000	0.026	CC	-	17.089311910693	0.042	0.016	0.000	0.026
SOS2	0.021	0.021	0.000	0.000	-	-	16.8720195887399	0.042	0.042	0.000	0.000
NCOR1	0.021	0.021	0.000	0.000	-	PC	16.8262670510387	0.062	0.047	0.016	0.000
HSPG2	0.026	0.026	0.000	0.000	-	-	16.4303951542776	0.052	0.052	0.000	0.000
PRKDC	0.068	0.052	0.000	0.016	-	-	16.1546658074242	0.120	0.083	0.000	0.036
MAPK1	0.010	0.010	0.000	0.000	-	-	15.8180450866041	0.021	0.016	0.005	0.000
PGR	0.010	0.010	0.000	0.000	-	-	15.6876738490053	0.026	0.026	0.000	0.000
STAT2	0.005	0.005	0.000	0.000	-	-	15.6787158661305	0.021	0.021	0.000	0.000
SMAD9	0.005	0.005	0.000	0.000	-	-	15.6787158661305	0.021	0.021	0.000	0.000
LZTS1	0.005	0.005	0.000	0.000	-	-	15.6787158661305	0.052	0.010	0.047	0.000
AXIN2	0.005	0.005	0.000	0.000	-	PC	15.6787158661305	0.026	0.021	0.000	0.005
VCAN	0.052	0.052	0.000	0.000	-	-	15.4011220488993	0.089	0.089	0.000	0.000
SLIT2	0.031	0.031	0.000	0.000	-	-	14.765287646484	0.057	0.057	0.000	0.000
USF1	0.031	0.005	0.000	0.026	-	-	14.3339047273992	0.036	0.010	0.000	0.026
CCND1	0.010	0.000	0.000	0.010	CC	PC	14.2729597055567	0.036	0.005	0.000	0.031
ITGA1	0.016	0.016	0.000	0.000	-	-	13.8843850459044	0.021	0.021	0.000	0.000
FBXW11	0.021	0.021	0.000	0.000	-	-	13.8695243337867	0.031	0.031	0.000	0.000
FLNC	0.021	0.021	0.000	0.000	-	-	13.2902643962501	0.031	0.031	0.000	0.000
FBN1	0.057	0.057	0.000	0.000	-	-	13.0114753026222	0.078	0.078	0.000	0.000
TLN1	0.026	0.026	0.000	0.000	-	-	13.0048978686019	0.031	0.031	0.000	0.000
RASA1	0.026	0.026	0.000	0.000	-	PC	12.8306800794836	0.026	0.026	0.000	0.000
LAMA3	0.042	0.042	0.000	0.000	-	-	12.6236692912289	0.057	0.057	0.000	0.000
RYR2	0.052	0.052	0.000	0.000	-	-	12.539838681376	0.146	0.141	0.000	0.005
PAK3	0.021	0.010	0.000	0.010	-	-	12.5325693076124	0.047	0.021	0.000	0.026
IPO5	0.036	0.016	0.000	0.021	-	-	12.1040603782907	0.036	0.016	0.000	0.021
SMARCA4	0.042	0.042	0.000	0.000	CC	PC	11.7531885322721	0.052	0.052	0.000	0.000
MLLT4	0.021	0.021	0.000	0.000	CC	PC	11.4982116740074	0.057	0.052	0.005	0.000
USF2	0.016	0.000	0.000	0.016	-	-	10.8191695441171	0.016	0.000	0.000	0.016
COL16A1	0.010	0.010	0.000	0.000	-	-	10.4626472030244	0.062	0.062	0.000	0.000
FADD	0.016	0.005	0.000	0.010	-	-	10.4492243861505	0.031	0.010	0.000	0.026
PARD3	0.010	0.010	0.000	0.000	-	-	10.4271685251277	0.036	0.026	0.000	0.010
TNNT3	0.005	0.005	0.000	0.000	-	-	10.4178847677465	0.010	0.010	0.000	0.000
TLE1	0.005	0.005	0.000	0.000	-	-	10.4178847677465	0.021	0.021	0.000	0.000
HDAC2	0.005	0.005	0.000	0.000	-	-	10.4178847677465	0.021	0.021	0.000	0.000
DCC	0.005	0.005	0.000	0.000	-	-	10.4178847677465	0.052	0.052	0.000	0.000
ATR	0.031	0.031	0.000	0.000	-	PC	10.1631890211639	0.052	0.052	0.000	0.000
KCNJ12	0.016	0.010	0.005	0.000	-	-	10.0809346771021	0.036	0.026	0.005	0.005
VLDLR	0.010	0.005	0.000	0.005	-	-	9.92656311468056	0.021	0.010	0.005	0.005
STAT3	0.026	0.021	0.000	0.005	-	PC	9.84275533435419	0.031	0.026	0.000	0.005
YWHAE	0.010	0.005	0.000	0.005	CC	-	9.71434805216703	0.026	0.010	0.010	0.005
LRP8	0.010	0.010	0.000	0.000	-	-	9.60106029692981	0.016	0.016	0.000	0.000
BRCA1	0.021	0.021	0.000	0.000	CC	PC	9.51731007989908	0.047	0.042	0.000	0.005
NUP153	0.031	0.016	0.000	0.016	-	-	9.39092835604075	0.073	0.052	0.000	0.021
JAK1	0.021	0.021	0.000	0.000	CC	-	9.37761986603338	0.026	0.026	0.000	0.000
AKT3	0.016	0.010	0.000	0.005	-	-	9.27013283877639	0.026	0.021	0.000	0.005
GLI2	0.021	0.021	0.000	0.000	-	-	8.82601200548718	0.052	0.052	0.000	0.000
EP300	0.026	0.026	0.000	0.000	CC	PC	8.66014377431859	0.026	0.026	0.000	0.000
ARID1A	0.052	0.052	0.000	0.000	CC	PC	8.65545175077182	0.078	0.078	0.000	0.000
FGA	0.021	0.016	0.005	0.000	-	-	8.49057616024088	0.031	0.026	0.005	0.000
ITGB2	0.026	0.026	0.000	0.000	-	-	8.39528849855189	0.026	0.026	0.000	0.000
EGF	0.036	0.031	0.005	0.000	-	-	8.2852235291617	0.042	0.036	0.005	0.000
ARID2	0.016	0.016	0.000	0.000	CC	PC	8.22866190146449	0.036	0.036	0.000	0.000
PLCG2	0.036	0.036	0.000	0.000	-	-	8.21685956231096	0.052	0.052	0.000	0.000
PLCG1	0.010	0.010	0.000	0.000	-	PC	8.17491183307291	0.026	0.026	0.000	0.000
SIN3A	0.010	0.010	0.000	0.000	-	PC	8.14230378111743	0.021	0.021	0.000	0.000
UBE2L3	0.010	0.005	0.005	0.000	-	-	8.05877964985486	0.010	0.005	0.005	0.000
PPP2R5B	0.010	0.010	0.000	0.000	-	-	8.04660258276804	0.021	0.021	0.000	0.000
TP63	0.010	0.010	0.000	0.000	-	-	8.02082982327794	0.021	0.021	0.000	0.000
RXRA	0.010	0.010	0.000	0.000	-	PC	8.0177641418124	0.026	0.026	0.000	0.000
SMARCB1	0.005	0.000	0.005	0.000	CC	-	8.01351700428896	0.005	0.000	0.005	0.000
NF2	0.005	0.000	0.005	0.000	CC	-	8.01351700428896	0.026	0.021	0.005	0.000
APOH	0.010	0.005	0.000	0.005	-	-	7.96287218629842	0.021	0.016	0.000	0.005
NACA	0.005	0.005	0.000	0.000	CC	-	7.913049766005	0.026	0.026	0.000	0.000
HNRNPD	0.005	0.000	0.005	0.000	-	-	7.913049766005	0.021	0.016	0.005	0.000
CASP2	0.005	0.005	0.000	0.000	-	-	7.913049766005	0.005	0.005	0.000	0.000
APC2	0.005	0.005	0.000	0.000	-	-	7.913049766005	0.010	0.010	0.000	0.000
AP2A1	0.005	0.005	0.000	0.000	-	-	7.913049766005	0.016	0.016	0.000	0.000
JAK2	0.021	0.010	0.005	0.005	CC	PC	7.86890773234402	0.036	0.026	0.005	0.005
CTTN	0.016	0.000	0.000	0.016	-	PC	7.80602665287365	0.047	0.026	0.000	0.021
HSP90AA1	0.016	0.016	0.000	0.000	-	-	7.80492825584454	0.016	0.016	0.000	0.000
ADAM15	0.026	0.000	0.000	0.026	-	-	7.80376781654375	0.042	0.000	0.000	0.042
CELSR1	0.031	0.031	0.000	0.000	-	-	7.77232363532217	0.068	0.068	0.000	0.000
DSG2	0.005	0.005	0.000	0.000	-	-	7.75787336138635	0.016	0.016	0.000	0.000
SMAD2	0.010	0.010	0.000	0.000	-	PC	7.74068847922684	0.010	0.010	0.000	0.000
MED1	0.010	0.010	0.000	0.000	-	-	7.6126957162718	0.021	0.016	0.000	0.005
FGFR1	0.016	0.005	0.005	0.005	CC	-	7.55419848898027	0.047	0.005	0.036	0.005
ITGB4	0.005	0.005	0.000	0.000	-	-	7.49135059693656	0.036	0.031	0.000	0.005
SOS1	0.031	0.026	0.000	0.005	-	PC	7.43171837804691	0.042	0.036	0.000	0.005
CREBBP	0.031	0.031	0.000	0.000	CC	-	7.34418182288607	0.047	0.047	0.000	0.000
ARNT	0.016	0.000	0.000	0.016	CC	-	7.25207387724626	0.026	0.000	0.000	0.026
DAZ4	0.083	0.000	0.083	0.000	-	-	7.07747547589239	0.172	0.000	0.167	0.005
FGFR2	0.031	0.031	0.000	0.000	CC	PC	7.06709054616761	0.042	0.042	0.000	0.000
ADAM17	0.010	0.010	0.000	0.000	-	-	6.9708169926611	0.036	0.031	0.000	0.005
SDS	0.016	0.016	0.000	0.000	-	-	6.85174683307841	0.016	0.016	0.000	0.000
ADAM12	0.036	0.036	0.000	0.000	-	-	6.81148269437386	0.042	0.042	0.000	0.000
LYN	0.016	0.005	0.000	0.010	-	PC	6.69811097032239	0.057	0.010	0.000	0.047
RARA	0.010	0.010	0.000	0.000	CC	-	6.68515918094237	0.016	0.010	0.000	0.005
XPO5	0.016	0.016	0.000	0.000	-	-	6.67819779866569	0.047	0.031	0.000	0.016
TG	0.052	0.026	0.000	0.026	-	-	6.62800229298697	0.120	0.047	0.000	0.073
GLI1	0.016	0.016	0.000	0.000	-	-	6.61130558416763	0.021	0.021	0.000	0.000
SNRPB2	0.005	0.005	0.000	0.000	-	-	6.59303057248302	0.005	0.005	0.000	0.000
NGF	0.005	0.005	0.000	0.000	-	-	6.59303057248302	0.005	0.005	0.000	0.000
GRB14	0.010	0.010	0.000	0.000	-	-	6.54959239824484	0.021	0.016	0.005	0.000
ACTN2	0.016	0.016	0.000	0.000	-	-	6.48797176886378	0.042	0.036	0.000	0.005
COPS5	0.005	0.000	0.000	0.005	-	-	6.46889901176115	0.057	0.005	0.000	0.052
VCL	0.016	0.010	0.000	0.005	-	-	6.14587971159107	0.026	0.021	0.000	0.005
ARID1B	0.036	0.036	0.000	0.000	-	-	6.07621754626937	0.052	0.052	0.000	0.000
ACTA1	0.010	0.000	0.000	0.010	-	-	5.8668578522014	0.010	0.000	0.000	0.010
UBE2N	0.010	0.010	0.000	0.000	-	-	5.82541914407826	0.016	0.016	0.000	0.000
NOS1	0.031	0.031	0.000	0.000	-	-	5.82147839375372	0.057	0.057	0.000	0.000
RAD51	0.005	0.005	0.000	0.000	-	-	5.81791417360833	0.016	0.016	0.000	0.000
AXIN1	0.036	0.036	0.000	0.000	-	-	5.72550377399794	0.036	0.036	0.000	0.000
POLR3A	0.010	0.005	0.000	0.005	-	-	5.68103041855528	0.036	0.031	0.000	0.005
CDH23	0.005	0.000	0.000	0.005	-	-	5.66086989754292	0.068	0.062	0.000	0.005
ITGB1	0.016	0.010	0.000	0.005	-	-	5.5435053650689	0.016	0.010	0.000	0.005
CD44	0.005	0.005	0.000	0.000	-	-	5.48817411638135	0.005	0.005	0.000	0.000
CCNB1	0.005	0.005	0.000	0.000	-	-	5.48817411638135	0.021	0.021	0.000	0.000
RPS6KA3	0.010	0.010	0.000	0.000	-	-	5.39258067398786	0.026	0.026	0.000	0.000
PSEN2	0.005	0.000	0.000	0.005	-	-	5.3511461324551	0.010	0.000	0.000	0.010
PPP2R5C	0.005	0.005	0.000	0.000	-	-	5.3511461324551	0.016	0.016	0.000	0.000
CEBPA	0.005	0.000	0.000	0.005	CC	PC	5.3511461324551	0.010	0.000	0.000	0.010
SNTB1	0.042	0.000	0.000	0.042	-	-	5.13379456339612	0.089	0.016	0.000	0.073
ANGPT1	0.047	0.010	0.000	0.036	-	-	5.12321794900235	0.099	0.021	0.000	0.078
NCOA2	0.016	0.016	0.000	0.000	CC	-	5.10031554330919	0.109	0.052	0.000	0.057
MXRA5	0.031	0.026	0.005	0.000	-	-	5.07405705332979	0.073	0.068	0.005	0.000
MYBL2	0.016	0.016	0.000	0.000	-	-	5.07310268847734	0.036	0.036	0.000	0.000
PAX3	0.016	0.016	0.000	0.000	CC	-	5.06655861026208	0.021	0.021	0.000	0.000
COL6A3	0.036	0.036	0.000	0.000	-	-	5.05972581662882	0.062	0.062	0.000	0.000
LAMA5	0.052	0.047	0.000	0.005	-	-	5.03360162068687	0.062	0.057	0.000	0.005
BLK	0.042	0.005	0.036	0.000	-	-	5.00267409416185	0.068	0.010	0.057	0.000
ACTL6A	0.005	0.005	0.000	0.000	-	-	4.97366705996943	0.005	0.005	0.000	0.000
POLD1	0.010	0.010	0.000	0.000	-	-	4.89083183325777	0.016	0.016	0.000	0.000
LAMA2	0.031	0.031	0.000	0.000	-	-	4.84562915753682	0.052	0.052	0.000	0.000
USP34	0.005	0.005	0.000	0.000	-	-	4.77082671472402	0.042	0.042	0.000	0.000
PAPPA	0.005	0.005	0.000	0.000	-	-	4.77082671472402	0.026	0.026	0.000	0.000
LEF1	0.005	0.000	0.005	0.000	-	-	4.72542089339146	0.016	0.010	0.005	0.000
PARP1	0.010	0.010	0.000	0.000	-	-	4.46535992980037	0.036	0.026	0.000	0.010
RAPGEF1	0.010	0.010	0.000	0.000	-	-	4.42510185661272	0.016	0.016	0.000	0.000
SRC	0.010	0.010	0.000	0.000	-	-	4.36797528788888	0.010	0.010	0.000	0.000
PINX1	0.021	0.000	0.021	0.000	-	-	4.20688492306241	0.068	0.016	0.052	0.000
DNAH6	0.068	0.068	0.000	0.000	-	-	4.05365118752301	0.125	0.125	0.000	0.000
ATM	0.005	0.005	0.000	0.000	CC	PC	3.85507493781021	0.052	0.052	0.000	0.000
VIM	0.021	0.010	0.000	0.010	-	-	3.81942771151294	0.026	0.016	0.000	0.010
ERBB4	0.010	0.010	0.000	0.000	-	-	3.79625158044524	0.026	0.026	0.000	0.000
EFTUD2	0.010	0.010	0.000	0.000	-	-	3.75451752622294	0.026	0.021	0.000	0.005
PPP2R1A	0.016	0.016	0.000	0.000	CC	PC	3.7283451525111	0.021	0.021	0.000	0.000
RUVBL1	0.005	0.005	0.000	0.000	-	-	3.72536795225522	0.010	0.010	0.000	0.000
MAPK7	0.010	0.010	0.000	0.000	-	-	3.72295326804337	0.036	0.021	0.005	0.010
IRAK4	0.005	0.005	0.000	0.000	-	-	3.69666047487789	0.031	0.031	0.000	0.000
STAT1	0.016	0.016	0.000	0.000	-	-	3.64604047792027	0.026	0.026	0.000	0.000
COL7A1	0.010	0.010	0.000	0.000	-	-	3.40545858038258	0.047	0.047	0.000	0.000
MYC	0.042	0.005	0.000	0.036	CC	-	3.36318833701051	0.089	0.010	0.000	0.078
FANCD2	0.010	0.010	0.000	0.000	CC	-	3.35053776305217	0.073	0.073	0.000	0.000
ITGAD	0.026	0.026	0.000	0.000	-	-	3.3451232718098	0.042	0.042	0.000	0.000
PLCB1	0.016	0.016	0.000	0.000	-	-	3.31695683157416	0.052	0.052	0.000	0.000
COL5A1	0.016	0.016	0.000	0.000	-	-	3.29307671252283	0.036	0.036	0.000	0.000
VPS33A	0.005	0.005	0.000	0.000	-	-	3.29081531729051	0.042	0.042	0.000	0.000
UNC13B	0.005	0.005	0.000	0.000	-	-	3.29081531729051	0.026	0.026	0.000	0.000
SYNCRIP	0.005	0.005	0.000	0.000	-	-	3.29081531729051	0.021	0.016	0.000	0.005
PIAS3	0.021	0.005	0.000	0.016	-	-	3.25527796755351	0.031	0.005	0.000	0.026
RASGRF1	0.016	0.016	0.000	0.000	-	-	3.20656769945842	0.026	0.026	0.000	0.000
PYGO2	0.010	0.000	0.000	0.010	-	-	3.20209997359101	0.036	0.005	0.000	0.031
BCLAF1	0.010	0.010	0.000	0.000	-	PC	3.17986677177483	0.047	0.047	0.000	0.000
SDC3	0.005	0.005	0.000	0.000	-	-	3.17207908325143	0.005	0.005	0.000	0.000
DAG1	0.005	0.005	0.000	0.000	-	-	3.17207908325143	0.005	0.005	0.000	0.000
PCDHGA12	0.005	0.005	0.000	0.000	-	-	3.1648431053273	0.010	0.010	0.000	0.000
LOX	0.005	0.005	0.000	0.000	-	-	3.1648431053273	0.005	0.005	0.000	0.000
ITGAM	0.016	0.016	0.000	0.000	-	-	3.1567856266168	0.021	0.021	0.000	0.000
PIK3R3	0.010	0.010	0.000	0.000	-	-	3.12740320417921	0.016	0.016	0.000	0.000
UTRN	0.021	0.021	0.000	0.000	-	-	3.05699094461519	0.057	0.057	0.000	0.000
ZFHX3	0.016	0.016	0.000	0.000	-	PC	3.04145291897334	0.036	0.036	0.000	0.000
TGFBR1	0.005	0.005	0.000	0.000	-	-	3.00802972444679	0.021	0.021	0.000	0.000
DNMT1	0.005	0.005	0.000	0.000	-	-	3.00802972444679	0.010	0.010	0.000	0.000
RELN	0.016	0.016	0.000	0.000	-	-	2.93590762102571	0.057	0.057	0.000	0.000
COL4A1	0.016	0.016	0.000	0.000	-	-	2.81927444019217	0.021	0.021	0.000	0.000
COL1A2	0.005	0.000	0.000	0.005	-	-	2.80051538858219	0.026	0.016	0.000	0.010
TSC2	0.026	0.026	0.000	0.000	CC	PC	2.76919845933571	0.062	0.062	0.000	0.000
GTF2B	0.026	0.026	0.000	0.000	-	-	2.72180804612568	0.026	0.026	0.000	0.000
SP1	0.010	0.010	0.000	0.000	-	-	2.70902482756076	0.010	0.010	0.000	0.000
PDGFRA	0.016	0.016	0.000	0.000	CC	PC	2.65509922000682	0.036	0.036	0.000	0.000
PAK7	0.016	0.016	0.000	0.000	-	-	2.64614773986211	0.031	0.031	0.000	0.000
COMP	0.016	0.005	0.000	0.010	-	-	2.64183778380301	0.021	0.010	0.000	0.010
ANK3	0.026	0.026	0.000	0.000	-	-	2.63457071259562	0.047	0.047	0.000	0.000
COL19A1	0.010	0.010	0.000	0.000	-	-	2.59687543356071	0.031	0.031	0.000	0.000
FAS	0.005	0.005	0.000	0.000	-	-	2.55842846638668	0.010	0.010	0.000	0.000
SMC1A	0.010	0.010	0.000	0.000	-	PC	2.50230630482394	0.026	0.026	0.000	0.000
HGF	0.010	0.010	0.000	0.000	-	PC	2.4227415441078	0.052	0.047	0.000	0.005
SGK1	0.005	0.005	0.000	0.000	-	PC	2.39061594497563	0.021	0.021	0.000	0.000
PROC	0.005	0.005	0.000	0.000	-	-	2.39061594497563	0.010	0.010	0.000	0.000
ITGA2B	0.021	0.021	0.000	0.000	-	-	2.36324331700668	0.036	0.031	0.000	0.005
F2	0.010	0.010	0.000	0.000	-	-	2.34246266843378	0.010	0.010	0.000	0.000
LAMA4	0.021	0.021	0.000	0.000	-	-	2.32896386755237	0.042	0.042	0.000	0.000
TCF7L2	0.021	0.021	0.000	0.000	CC	PC	2.21742434883145	0.026	0.026	0.000	0.000
NCSTN	0.021	0.005	0.000	0.016	-	-	2.115546616774	0.036	0.016	0.000	0.021
PBX1	0.010	0.005	0.000	0.005	CC	-	2.06694224115203	0.052	0.031	0.000	0.021
ITGB3	0.005	0.005	0.000	0.000	-	-	2.0564568810431	0.010	0.005	0.000	0.005
HMGA1	0.005	0.005	0.000	0.000	CC	-	2.0564568810431	0.010	0.005	0.000	0.005
IFI16	0.005	0.000	0.000	0.005	-	-	2.04259662133753	0.031	0.016	0.000	0.021
TNPO1	0.021	0.021	0.000	0.000	-	-	1.90141297634606	0.031	0.031	0.000	0.000
CDH3	0.010	0.010	0.000	0.000	-	-	1.89397907648724	0.021	0.021	0.000	0.000
RPS6KB1	0.005	0.005	0.000	0.000	-	-	1.87681680831006	0.026	0.016	0.000	0.010
RFC1	0.005	0.005	0.000	0.000	-	-	1.87681680831006	0.036	0.031	0.000	0.005
GLI3	0.005	0.005	0.000	0.000	-	-	1.87681680831006	0.052	0.052	0.000	0.000
ATF1	0.005	0.005	0.000	0.000	CC	-	1.87681680831006	0.010	0.010	0.000	0.000
HLA-B	0.005	0.005	0.000	0.000	-	PC	1.81264340264774	0.042	0.026	0.000	0.016
FLT1	0.005	0.005	0.000	0.000	-	-	1.81264340264774	0.042	0.036	0.000	0.005
CD1E	0.021	0.010	0.000	0.010	-	-	1.74067525960794	0.042	0.021	0.000	0.021
SMARCC2	0.010	0.010	0.000	0.000	-	-	1.71636565679885	0.036	0.036	0.000	0.000
MST1	0.010	0.010	0.000	0.000	-	PC	1.69910848374358	0.031	0.031	0.000	0.000
ABL1	0.005	0.005	0.000	0.000	CC	PC	1.69208607410128	0.005	0.005	0.000	0.000
LPL	0.052	0.010	0.042	0.000	-	-	1.64449026109182	0.062	0.016	0.047	0.000
ERBB3	0.031	0.031	0.000	0.000	-	-	1.63039898444838	0.036	0.036	0.000	0.000
ADAM9	0.026	0.016	0.005	0.005	-	-	1.62306394839749	0.062	0.021	0.031	0.010
TFAP2A	0.016	0.000	0.000	0.016	-	-	1.49841395091493	0.021	0.005	0.000	0.016
RARG	0.021	0.021	0.000	0.000	-	-	1.41479093229719	0.026	0.026	0.000	0.000
APC	0.016	0.016	0.000	0.000	CC	PC	1.40789519717448	0.036	0.036	0.000	0.000
MET	0.005	0.000	0.000	0.005	CC	-	1.39542690855068	0.016	0.005	0.000	0.010
SUPT5H	0.005	0.005	0.000	0.000	-	-	1.36786685188901	0.021	0.010	0.000	0.010
TP73	0.010	0.005	0.005	0.000	-	-	1.34855240483961	0.010	0.005	0.005	0.000
DSP	0.021	0.021	0.000	0.000	-	-	1.34714275960688	0.057	0.042	0.000	0.016
HSF1	0.010	0.000	0.000	0.010	-	-	1.33618008141034	0.010	0.000	0.000	0.010
PBRM1	0.010	0.010	0.000	0.000	CC	PC	1.30987400082493	0.031	0.031	0.000	0.000
LAMB3	0.010	0.010	0.000	0.000	-	-	1.29564717250306	0.021	0.016	0.000	0.005
MPP5	0.010	0.010	0.000	0.000	-	-	1.27634096939594	0.016	0.016	0.000	0.000
PRKCA	0.010	0.010	0.000	0.000	-	-	1.25725767022726	0.016	0.010	0.000	0.005
DLG4	0.021	0.016	0.005	0.000	-	-	1.23169216966521	0.031	0.016	0.016	0.000
SMARCE1	0.005	0.005	0.000	0.000	-	-	1.21307221481493	0.021	0.016	0.000	0.005
ERBB2	0.010	0.005	0.000	0.005	CC	PC	1.12683244760839	0.016	0.010	0.000	0.005
APEX1	0.010	0.010	0.000	0.000	-	-	1.12666466918074	0.010	0.010	0.000	0.000
SSH2	0.005	0.005	0.000	0.000	-	-	1.11909562951733	0.021	0.016	0.000	0.005
BCAR1	0.005	0.005	0.000	0.000	-	-	1.11909562951733	0.010	0.010	0.000	0.000
C3	0.005	0.005	0.000	0.000	-	-	1.11597548092824	0.047	0.047	0.000	0.000
TCF7	0.010	0.010	0.000	0.000	-	PC	1.09806569305616	0.021	0.021	0.000	0.000
ASAP2	0.005	0.000	0.000	0.005	-	-	1.07593040906793	0.036	0.031	0.000	0.005
ALB	0.073	0.073	0.000	0.000	-	-	1.03935079601346	0.083	0.083	0.000	0.000
GRB7	0.005	0.000	0.000	0.005	-	-	1.03702767886311	0.016	0.010	0.000	0.005
ZHX1	0.005	0.005	0.000	0.000	-	-	1.01448346192848	0.083	0.021	0.000	0.068
FLI1	0.005	0.005	0.000	0.000	CC	-	0.951749661679266	0.005	0.005	0.000	0.000
HLA-DRB1	0.120	0.021	0.005	0.099	-	-	0.853287103256797	0.182	0.021	0.005	0.161
NOS2	0.010	0.010	0.000	0.000	-	-	0.841751379424833	0.047	0.042	0.000	0.005
PPARA	0.005	0.005	0.000	0.000	-	-	0.826677988548104	0.016	0.016	0.000	0.000
KRAS	0.010	0.010	0.000	0.000	CC	PC	0.826285244547092	0.021	0.021	0.000	0.000
COL6A6	0.036	0.036	0.000	0.000	-	-	0.814516077496205	0.089	0.089	0.000	0.000
RBMY1A1	0.052	0.000	0.052	0.000	-	-	0.804719650372606	0.161	0.000	0.156	0.005
SMAD3	0.016	0.016	0.000	0.000	-	-	0.787747002049301	0.021	0.021	0.000	0.000
STAT4	0.016	0.016	0.000	0.000	-	-	0.770193904064412	0.031	0.031	0.000	0.000
PAK4	0.005	0.000	0.000	0.005	-	-	0.711768786720286	0.021	0.010	0.000	0.010
AKT2	0.005	0.000	0.000	0.005	CC	-	0.711768786720286	0.026	0.016	0.000	0.010
COL12A1	0.026	0.026	0.000	0.000	-	-	0.688738611409166	0.073	0.073	0.000	0.000
PRKCB	0.005	0.005	0.000	0.000	-	-	0.664656552618276	0.010	0.010	0.000	0.000
IRF6	0.005	0.000	0.000	0.005	-	-	0.664656552618276	0.016	0.010	0.000	0.005
GNAI1	0.005	0.005	0.000	0.000	-	PC	0.643704592501661	0.005	0.005	0.000	0.000
TNF	0.010	0.010	0.000	0.000	-	-	0.610901170482762	0.021	0.010	0.000	0.010
PCDH15	0.021	0.021	0.000	0.000	-	-	0.599706938744059	0.052	0.052	0.000	0.000
GMIP	0.005	0.005	0.000	0.000	-	-	0.588374569993151	0.031	0.021	0.000	0.010
APP	0.005	0.005	0.000	0.000	-	-	0.588374569993151	0.026	0.021	0.005	0.000
TNC	0.005	0.005	0.000	0.000	-	-	0.568974737792531	0.042	0.042	0.000	0.000
COL4A2	0.005	0.005	0.000	0.000	-	-	0.563185170207797	0.042	0.042	0.000	0.000
UGT2B17	0.099	0.000	0.099	0.000	-	-	0.558618910055318	0.266	0.000	0.266	0.000
GEM	0.010	0.005	0.000	0.005	-	-	0.51717974310416	0.068	0.005	0.000	0.062
MT-CYB	0.005	0.005	0.000	0.000	-	-	0.48899019882916	0.078	0.078	0.000	0.000
PYGO1	0.005	0.005	0.000	0.000	-	-	0.476856761444656	0.005	0.005	0.000	0.000
TJP1	0.021	0.021	0.000	0.000	-	-	0.459124295995429	0.036	0.036	0.000	0.000
SUPT16H	0.010	0.010	0.000	0.000	-	-	0.447113758443664	0.031	0.031	0.000	0.000
CDC27	0.016	0.016	0.000	0.000	-	-	0.444012309717909	0.073	0.068	0.000	0.005
LCK	0.010	0.010	0.000	0.000	CC	-	0.424119944489656	0.021	0.021	0.000	0.000
ABCB11	0.005	0.005	0.000	0.000	-	-	0.409184115864771	0.031	0.031	0.000	0.000
KLKB1	0.010	0.010	0.000	0.000	-	-	0.407126648323361	0.031	0.026	0.005	0.000
ARHGEF7	0.010	0.010	0.000	0.000	-	-	0.40248232758071	0.031	0.031	0.000	0.000
F5	0.005	0.000	0.000	0.005	-	-	0.388598232972732	0.062	0.047	0.000	0.016
SLCO1B3	0.016	0.016	0.000	0.000	-	-	0.374859605239617	0.036	0.036	0.000	0.000
PTPRM	0.005	0.005	0.000	0.000	-	-	0.353460909898614	0.062	0.062	0.000	0.000
CTNNAL1	0.005	0.005	0.000	0.000	-	-	0.342138174376936	0.010	0.010	0.000	0.000
YWHAB	0.005	0.005	0.000	0.000	-	-	0.325887338169552	0.010	0.010	0.000	0.000
TNK2	0.005	0.005	0.000	0.000	-	-	0.304136623331808	0.026	0.026	0.000	0.000
RHOA	0.005	0.005	0.000	0.000	-	PC	0.304136623331808	0.005	0.005	0.000	0.000
SHC1	0.016	0.005	0.000	0.010	-	-	0.300618098659035	0.042	0.016	0.000	0.026
FAT2	0.047	0.047	0.000	0.000	-	-	0.300258650709936	0.115	0.115	0.000	0.000
RAF1	0.005	0.005	0.000	0.000	CC	-	0.297009657844116	0.005	0.005	0.000	0.000
SREBF1	0.005	0.005	0.000	0.000	-	-	0.289782111614714	0.031	0.021	0.010	0.000
PDZD3	0.005	0.005	0.000	0.000	-	-	0.288114693029125	0.021	0.021	0.000	0.000
EIF3H	0.047	0.005	0.000	0.042	-	-	0.279180539641152	0.078	0.010	0.000	0.068
TGFB3	0.010	0.010	0.000	0.000	-	-	0.268217911006902	0.016	0.016	0.000	0.000
CLDN23	0.005	0.000	0.005	0.000	-	-	0.262677273328075	0.052	0.000	0.052	0.000
HLA-A	0.005	0.005	0.000	0.000	-	PC	0.258900864206121	0.031	0.026	0.000	0.005
PIK3CD	0.016	0.010	0.005	0.000	-	-	0.250639209674285	0.031	0.021	0.010	0.000
THBS3	0.016	0.010	0.000	0.005	-	-	0.247599119160638	0.068	0.026	0.000	0.042
MMP14	0.005	0.005	0.000	0.000	-	-	0.244815049978146	0.016	0.016	0.000	0.000
PTPN11	0.005	0.005	0.000	0.000	CC	PC	0.244705368702633	0.005	0.005	0.000	0.000
ITGA4	0.010	0.010	0.000	0.000	-	-	0.243503709125473	0.031	0.031	0.000	0.000
COL4A6	0.021	0.010	0.000	0.010	-	-	0.240417821020278	0.052	0.026	0.000	0.026
CFTR	0.005	0.005	0.000	0.000	-	-	0.234127828081316	0.042	0.031	0.000	0.010
COL15A1	0.021	0.016	0.005	0.000	-	-	0.232993324789772	0.062	0.057	0.005	0.000
TERF1	0.031	0.005	0.000	0.026	-	-	0.231115223660717	0.078	0.021	0.000	0.057
FLNA	0.005	0.005	0.000	0.000	-	-	0.226403362235237	0.042	0.036	0.000	0.005
COL6A1	0.005	0.005	0.000	0.000	-	-	0.226403362235237	0.016	0.016	0.000	0.000
FRAS1	0.036	0.036	0.000	0.000	-	-	0.221354568011244	0.115	0.109	0.005	0.000
STAT5B	0.005	0.005	0.000	0.000	-	-	0.193618754066065	0.016	0.010	0.000	0.005
EPAS1	0.005	0.005	0.000	0.000	-	-	0.181635245587526	0.005	0.005	0.000	0.000
PKP2	0.005	0.005	0.000	0.000	-	-	0.178667992234081	0.021	0.021	0.000	0.000
ITGA3	0.010	0.010	0.000	0.000	-	-	0.175943546586145	0.016	0.010	0.000	0.005
CDH7	0.021	0.021	0.000	0.000	-	-	0.168654659171453	0.052	0.052	0.000	0.000
PSENEN	0.010	0.005	0.000	0.005	-	-	0.167953880218153	0.021	0.010	0.000	0.010
ARAP2	0.005	0.005	0.000	0.000	-	-	0.160486123748264	0.047	0.042	0.000	0.005
LSM1	0.010	0.000	0.010	0.000	-	-	0.153029097301962	0.042	0.000	0.036	0.005
ITGA7	0.016	0.016	0.000	0.000	-	-	0.150228112005703	0.031	0.031	0.000	0.000
CDH9	0.010	0.010	0.000	0.000	-	-	0.145420609527915	0.036	0.036	0.000	0.000
CP	0.010	0.010	0.000	0.000	-	-	0.144910693900152	0.016	0.016	0.000	0.000
BMP2	0.005	0.005	0.000	0.000	-	-	0.144705749362601	0.016	0.016	0.000	0.000
FGL1	0.042	0.010	0.031	0.000	-	-	0.141851467762202	0.073	0.026	0.047	0.000
IGSF5	0.005	0.005	0.000	0.000	-	-	0.141785258312697	0.031	0.021	0.010	0.000
NDUFA13	0.005	0.000	0.000	0.005	-	-	0.141082069357384	0.010	0.000	0.000	0.010
BIRC3	0.010	0.010	0.000	0.000	CC	-	0.139474558421793	0.021	0.021	0.000	0.000
ANK1	0.047	0.026	0.021	0.000	-	-	0.137368905939582	0.073	0.042	0.026	0.005
PLCB4	0.016	0.016	0.000	0.000	-	-	0.136677518880647	0.062	0.062	0.000	0.000
BGN	0.005	0.000	0.000	0.005	-	-	0.135711946486871	0.021	0.010	0.000	0.010
NRG1	0.005	0.000	0.005	0.000	-	-	0.134913781986958	0.083	0.031	0.047	0.005
PAPPA2	0.021	0.010	0.000	0.010	-	-	0.133531510718089	0.036	0.021	0.000	0.016
PRSS3	0.005	0.005	0.000	0.000	-	-	0.133520785099578	0.021	0.021	0.000	0.000
INSRR	0.016	0.010	0.000	0.005	-	-	0.133221034335	0.042	0.021	0.000	0.026
ALK	0.021	0.021	0.000	0.000	CC	-	0.131014657378728	0.047	0.042	0.000	0.005
NFYA	0.016	0.005	0.000	0.010	-	-	0.130779292710481	0.026	0.016	0.000	0.010
EGFR	0.016	0.016	0.000	0.000	CC	PC	0.130592220331453	0.031	0.031	0.000	0.000
PIK3R1	0.010	0.010	0.000	0.000	CC	PC	0.127113763918492	0.010	0.010	0.000	0.000
LIMK2	0.005	0.005	0.000	0.000	-	-	0.126436987044224	0.031	0.031	0.000	0.000
CHRAC1	0.016	0.000	0.000	0.016	-	-	0.125481456928641	0.062	0.000	0.000	0.062
HSPA5	0.010	0.010	0.000	0.000	-	-	0.125148199263619	0.016	0.016	0.000	0.000
RFC3	0.005	0.005	0.000	0.000	-	-	0.122604770452574	0.010	0.005	0.000	0.005
WT1	0.010	0.010	0.000	0.000	CC	PC	0.122342343021136	0.026	0.026	0.000	0.000
AEBP1	0.021	0.021	0.000	0.000	-	-	0.120924359252393	0.036	0.036	0.000	0.000
DNAH7	0.036	0.036	0.000	0.000	-	-	0.120517093316584	0.089	0.089	0.000	0.000
CTSB	0.016	0.005	0.010	0.000	-	-	0.120023662017504	0.068	0.010	0.057	0.000
CAV1	0.005	0.005	0.000	0.000	-	-	0.119807275910567	0.021	0.005	0.000	0.016
ITGA9	0.005	0.005	0.000	0.000	-	-	0.119745664702232	0.036	0.036	0.000	0.000
HSPA4L	0.005	0.005	0.000	0.000	-	-	0.119662405131102	0.021	0.016	0.005	0.000
MOS	0.010	0.000	0.000	0.010	-	-	0.119151431662054	0.052	0.005	0.000	0.047
FABP4	0.005	0.000	0.000	0.005	-	-	0.118510524630677	0.052	0.000	0.000	0.052
CDH8	0.021	0.021	0.000	0.000	-	-	0.118472570649383	0.036	0.036	0.000	0.000
RAP2A	0.010	0.005	0.000	0.005	-	-	0.114428349450505	0.026	0.005	0.000	0.021
ALMS1	0.031	0.031	0.000	0.000	-	-	0.112228369894675	0.104	0.104	0.000	0.000
FLNB	0.016	0.016	0.000	0.000	-	-	0.112014712683858	0.042	0.042	0.000	0.000
RBL1	0.005	0.005	0.000	0.000	-	-	0.111690359848306	0.021	0.021	0.000	0.000
CCNE1	0.005	0.000	0.000	0.005	CC	-	0.10900516314002	0.021	0.010	0.000	0.010
PIK3C2G	0.021	0.016	0.005	0.000	-	-	0.107088528033347	0.052	0.047	0.005	0.000
TEK	0.010	0.010	0.000	0.000	-	-	0.105420944528216	0.057	0.052	0.000	0.005
MSC	0.005	0.000	0.000	0.005	-	-	0.105346313824398	0.057	0.000	0.000	0.057
PCDHA8	0.021	0.021	0.000	0.000	-	-	0.105334704123421	0.036	0.031	0.005	0.000
CELSR2	0.010	0.005	0.000	0.005	-	-	0.104610226645543	0.042	0.036	0.000	0.005
MBD1	0.005	0.005	0.000	0.000	-	-	0.104402839245383	0.026	0.026	0.000	0.000
CLDN14	0.005	0.000	0.005	0.000	-	-	0.103920835241783	0.005	0.000	0.005	0.000
PCDH17	0.026	0.016	0.010	0.000	-	-	0.102361733334852	0.042	0.026	0.016	0.000
LRP6	0.005	0.005	0.000	0.000	-	-	0.101922799915356	0.021	0.021	0.000	0.000
HNRNPL	0.010	0.005	0.000	0.005	-	-	0.099112465226281	0.026	0.016	0.000	0.010
PCM1	0.042	0.010	0.031	0.000	CC	PC	0.0973994209411909	0.094	0.047	0.047	0.000
IL6ST	0.016	0.016	0.000	0.000	CC	-	0.0944025907953174	0.047	0.047	0.000	0.000
RYR1	0.021	0.021	0.000	0.000	-	-	0.0933721636813992	0.083	0.073	0.000	0.010
TDP1	0.010	0.010	0.000	0.000	-	-	0.091128996446892	0.021	0.021	0.000	0.000
SYNJ1	0.005	0.005	0.000	0.000	-	-	0.089392951605912	0.042	0.036	0.005	0.000
FURIN	0.005	0.005	0.000	0.000	-	-	0.0887663817366594	0.010	0.010	0.000	0.000
CHL1	0.031	0.031	0.000	0.000	-	-	0.0886738828358066	0.068	0.068	0.000	0.000
MLH1	0.005	0.005	0.000	0.000	CC	-	0.0885781985162391	0.021	0.021	0.000	0.000
TOP2B	0.005	0.005	0.000	0.000	-	-	0.0883834225534099	0.036	0.036	0.000	0.000
KIF1B	0.010	0.010	0.000	0.000	-	-	0.0873789211138047	0.047	0.047	0.000	0.000
ADAMTS18	0.042	0.042	0.000	0.000	-	-	0.087266849818676	0.068	0.068	0.000	0.000
JUN	0.005	0.005	0.000	0.000	CC	-	0.0867404412994141	0.005	0.005	0.000	0.000
IGF1R	0.010	0.010	0.000	0.000	-	-	0.0843356949013784	0.042	0.042	0.000	0.000
PIK3R5	0.010	0.005	0.005	0.000	-	-	0.080880639001097	0.026	0.016	0.010	0.000
VEGFA	0.010	0.000	0.000	0.010	-	-	0.0806507222763582	0.036	0.000	0.000	0.036
MTHFD1	0.005	0.005	0.000	0.000	-	-	0.0775279534352708	0.026	0.026	0.000	0.000
INPP4B	0.005	0.000	0.005	0.000	-	-	0.0761025589264156	0.021	0.016	0.005	0.000
LUM	0.005	0.005	0.000	0.000	-	PC	0.0735337350971396	0.010	0.010	0.000	0.000
CDH17	0.016	0.000	0.000	0.016	-	-	0.0733001475138833	0.078	0.021	0.000	0.057
SPTBN2	0.010	0.010	0.000	0.000	-	-	0.0730400149180643	0.036	0.031	0.000	0.005
FBLN1	0.005	0.005	0.000	0.000	-	-	0.0728285603597135	0.026	0.026	0.000	0.000
CAST	0.005	0.005	0.000	0.000	-	PC	0.0717432185462495	0.021	0.021	0.000	0.000
EPHA3	0.021	0.021	0.000	0.000	-	-	0.0704093195145307	0.052	0.047	0.000	0.005
S100A7	0.016	0.005	0.000	0.010	-	-	0.0701927584528676	0.036	0.010	0.000	0.026
TGFB2	0.005	0.005	0.000	0.000	-	-	0.0698465860823677	0.016	0.010	0.000	0.005
ADAM8	0.005	0.005	0.000	0.000	-	-	0.0691967229616078	0.016	0.016	0.000	0.000
ITGAL	0.005	0.005	0.000	0.000	-	-	0.0680905120128224	0.031	0.031	0.000	0.000
BPTF	0.005	0.005	0.000	0.000	-	-	0.0665682353940234	0.062	0.057	0.000	0.005
DYNC2H1	0.021	0.021	0.000	0.000	-	-	0.0663698975610554	0.094	0.094	0.000	0.000
GIT2	0.005	0.005	0.000	0.000	-	-	0.0662623729172755	0.016	0.016	0.000	0.000
DSC1	0.005	0.005	0.000	0.000	-	-	0.0659988604575396	0.016	0.016	0.000	0.000
GSR	0.005	0.000	0.005	0.000	-	-	0.065923994164462	0.052	0.016	0.036	0.000
RAB11FIP1	0.005	0.005	0.000	0.000	-	-	0.0650978574611406	0.078	0.031	0.042	0.005
SLC10A1	0.005	0.005	0.000	0.000	-	-	0.0650661994089453	0.021	0.021	0.000	0.000
PIK3CG	0.005	0.005	0.000	0.000	-	PC	0.0647862506317812	0.026	0.016	0.000	0.010
CPS1	0.005	0.005	0.000	0.000	-	-	0.0641262885564135	0.042	0.042	0.000	0.000
ASGR1	0.005	0.000	0.005	0.000	-	-	0.0630755193836385	0.016	0.000	0.016	0.000
PCDHGA5	0.010	0.010	0.000	0.000	-	-	0.0629371595982213	0.031	0.031	0.000	0.000
PBXIP1	0.005	0.000	0.000	0.005	-	-	0.0614314504659995	0.036	0.005	0.000	0.031
DNAH2	0.026	0.026	0.005	0.000	-	-	0.0611207423994945	0.078	0.068	0.016	0.000
HIF1A	0.005	0.005	0.000	0.000	-	-	0.0611142332436172	0.016	0.016	0.000	0.000
ITCH	0.005	0.005	0.000	0.000	-	-	0.0608122619629474	0.010	0.010	0.000	0.000
ADAR	0.005	0.000	0.000	0.005	-	-	0.0605663567453177	0.036	0.010	0.000	0.026
CXCL12	0.005	0.005	0.000	0.000	-	-	0.0602897811317427	0.010	0.005	0.000	0.005
AKT1	0.005	0.000	0.000	0.005	CC	PC	0.060141719143913	0.005	0.000	0.000	0.005
CRP	0.010	0.005	0.000	0.005	-	-	0.0598357160485471	0.026	0.005	0.000	0.021
INSR	0.005	0.005	0.000	0.000	-	-	0.0591445259915307	0.036	0.036	0.000	0.000
SCN5A	0.010	0.010	0.000	0.000	-	-	0.0574210997447819	0.021	0.021	0.000	0.000
TNFRSF14	0.005	0.000	0.005	0.000	CC	-	0.0567630933580432	0.016	0.005	0.010	0.000
TTF2	0.021	0.021	0.000	0.000	-	-	0.0561968354327165	0.042	0.042	0.000	0.000
NFATC2	0.005	0.005	0.000	0.000	-	-	0.0555349695846615	0.016	0.016	0.000	0.000
LMNB2	0.005	0.005	0.000	0.000	-	-	0.0548170728714057	0.021	0.016	0.000	0.005
PARD6B	0.005	0.005	0.000	0.000	-	-	0.05431868987495	0.016	0.016	0.000	0.000
PAPSS2	0.005	0.005	0.000	0.000	-	-	0.0538932775884078	0.026	0.021	0.005	0.000
XRCC5	0.005	0.005	0.000	0.000	-	-	0.0529336088363286	0.021	0.021	0.000	0.000
COPS4	0.010	0.005	0.005	0.000	-	-	0.0525479299388803	0.021	0.016	0.005	0.000
RFWD2	0.005	0.000	0.000	0.005	-	-	0.0517361494060193	0.021	0.010	0.000	0.010
GAB3	0.010	0.005	0.000	0.005	-	-	0.0514734091970692	0.026	0.016	0.000	0.010
UBR5	0.010	0.005	0.000	0.005	-	-	0.0509675817254664	0.094	0.026	0.000	0.068
ZNF638	0.026	0.026	0.000	0.000	-	-	0.0501992105803155	0.068	0.068	0.000	0.000
TNXB	0.005	0.005	0.000	0.000	-	-	0.049689822119133	0.078	0.068	0.000	0.010
PCDHAC2	0.005	0.005	0.000	0.000	-	-	0.0492722661203758	0.036	0.036	0.000	0.000
CFLAR	0.016	0.010	0.000	0.005	-	-	0.0490378884029773	0.016	0.010	0.000	0.005
COL5A2	0.005	0.005	0.000	0.000	-	-	0.0489959067438734	0.042	0.042	0.000	0.000
TRRAP	0.005	0.005	0.000	0.000	-	-	0.0482066791636338	0.062	0.057	0.000	0.005
PCDH18	0.010	0.010	0.000	0.000	-	-	0.0470785979152439	0.036	0.031	0.005	0.000
HFE	0.010	0.010	0.000	0.000	-	-	0.0465902893176143	0.031	0.016	0.000	0.016
CFL1	0.005	0.005	0.000	0.000	-	-	0.0463778320938196	0.010	0.010	0.000	0.000
TSNAX	0.005	0.005	0.000	0.000	-	-	0.0461496860118525	0.016	0.010	0.000	0.005
PKP1	0.005	0.000	0.000	0.005	-	-	0.0457745212317339	0.026	0.021	0.000	0.005
DSG1	0.005	0.005	0.000	0.000	-	-	0.0457578224411	0.031	0.031	0.000	0.000
VTN	0.005	0.005	0.000	0.000	-	-	0.0456092996247434	0.021	0.010	0.000	0.010
MED23	0.005	0.005	0.000	0.000	-	-	0.0455343635467994	0.026	0.026	0.000	0.000
YES1	0.005	0.005	0.000	0.000	-	-	0.0451756769382404	0.016	0.016	0.000	0.000
LMNA	0.005	0.000	0.000	0.005	-	-	0.0450436794021252	0.047	0.016	0.000	0.031
SIAH1	0.010	0.010	0.000	0.000	-	-	0.0449293565871856	0.031	0.026	0.000	0.005
RUFY1	0.005	0.005	0.000	0.000	-	-	0.0445733249396235	0.010	0.010	0.000	0.000
CRK	0.005	0.000	0.005	0.000	-	-	0.0444609484688028	0.016	0.000	0.010	0.005
CDH24	0.005	0.005	0.000	0.000	-	-	0.0444295686426891	0.005	0.005	0.000	0.000
DTNB	0.010	0.005	0.000	0.005	-	-	0.0443308646336757	0.026	0.021	0.000	0.005
NF1	0.005	0.005	0.000	0.000	CC	PC	0.0441854554123291	0.052	0.047	0.000	0.005
FGB	0.005	0.005	0.000	0.000	-	-	0.0437915981202094	0.016	0.010	0.005	0.000
ABCC3	0.010	0.005	0.000	0.005	-	-	0.0437843483003687	0.047	0.036	0.000	0.010
COL22A1	0.005	0.005	0.000	0.000	-	-	0.0434745805417306	0.094	0.042	0.000	0.062
INPP5B	0.005	0.005	0.000	0.000	-	-	0.0433465496829736	0.016	0.016	0.000	0.000
CLASP1	0.010	0.010	0.000	0.000	-	-	0.0433075168512678	0.026	0.026	0.000	0.000
ADAM19	0.005	0.005	0.000	0.000	-	-	0.0426657224806846	0.036	0.036	0.000	0.000
FZD3	0.010	0.005	0.005	0.000	-	-	0.0426021324481927	0.062	0.016	0.042	0.005
IFNAR1	0.005	0.000	0.005	0.000	-	-	0.0425495592558263	0.026	0.021	0.005	0.000
SMARCD3	0.005	0.005	0.000	0.000	-	-	0.0424562228926266	0.005	0.005	0.000	0.000
GTSE1	0.010	0.010	0.000	0.000	-	-	0.0420809895171319	0.016	0.016	0.000	0.000
CCR3	0.005	0.005	0.000	0.000	-	-	0.0420313722677151	0.010	0.010	0.000	0.000
WDR5B	0.005	0.005	0.000	0.000	-	-	0.0417876380676097	0.005	0.005	0.000	0.000
GNAS	0.005	0.005	0.000	0.000	CC	PC	0.0417672288486315	0.036	0.031	0.000	0.005
SMARCA1	0.010	0.000	0.000	0.010	-	-	0.0416318609764981	0.036	0.010	0.000	0.026
PCDH19	0.005	0.000	0.000	0.005	-	-	0.0416261123367	0.042	0.016	0.000	0.026
BTRC	0.005	0.005	0.000	0.000	-	-	0.0414345415327513	0.031	0.031	0.000	0.000
APBB2	0.005	0.005	0.000	0.000	-	-	0.0408618509557497	0.010	0.010	0.000	0.000
POLB	0.005	0.000	0.005	0.000	-	-	0.0408420141435579	0.026	0.000	0.021	0.005
PRMT3	0.005	0.005	0.000	0.000	-	-	0.0406729939556099	0.005	0.005	0.000	0.000
GTF3C1	0.010	0.010	0.000	0.000	-	-	0.0406573403852812	0.052	0.052	0.000	0.000
MYH8	0.010	0.000	0.010	0.000	-	-	0.0405791021441339	0.042	0.031	0.010	0.000
SLIT1	0.016	0.016	0.000	0.000	-	-	0.0405116148462735	0.031	0.031	0.000	0.000
RXRB	0.005	0.000	0.000	0.005	-	-	0.040276388188149	0.016	0.010	0.000	0.005
RIPK1	0.010	0.005	0.000	0.005	-	-	0.0402317908588879	0.042	0.026	0.000	0.016
ADAMTS14	0.016	0.010	0.000	0.005	-	-	0.0399769260186397	0.026	0.021	0.000	0.005
BUB3	0.005	0.005	0.000	0.000	-	-	0.0396460858341037	0.005	0.005	0.000	0.000
RAPGEF5	0.010	0.010	0.000	0.000	-	-	0.0395624426610132	0.031	0.031	0.000	0.000
ARHGEF6	0.005	0.000	0.000	0.005	-	PC	0.0394867908248171	0.031	0.016	0.000	0.016
DNAH3	0.021	0.021	0.000	0.000	-	-	0.0394566991801903	0.073	0.073	0.000	0.000
GNB1	0.005	0.005	0.000	0.000	-	-	0.0391076803190757	0.016	0.016	0.000	0.000
PRKD3	0.005	0.005	0.000	0.000	-	-	0.038909606209678	0.021	0.016	0.000	0.005
FGR	0.010	0.010	0.000	0.000	-	-	0.0388823437915819	0.026	0.026	0.000	0.000
SPTBN5	0.005	0.005	0.000	0.000	-	-	0.0380856700560021	0.036	0.036	0.000	0.000
CTNNA2	0.005	0.005	0.000	0.000	-	-	0.0377249871319698	0.031	0.031	0.000	0.000
SPTB	0.005	0.005	0.000	0.000	-	-	0.0374652096675971	0.052	0.052	0.000	0.000
LNPEP	0.016	0.016	0.000	0.000	-	-	0.0374299446460093	0.047	0.047	0.000	0.000
CEP192	0.005	0.005	0.000	0.000	-	-	0.0373214763275101	0.047	0.047	0.000	0.000
PSMB5	0.005	0.005	0.000	0.000	-	-	0.0368321664214435	0.010	0.010	0.000	0.000
AMBP	0.005	0.005	0.000	0.000	-	-	0.0367741839051957	0.005	0.005	0.000	0.000
RASGRP2	0.005	0.005	0.000	0.000	-	-	0.0364196905322942	0.005	0.005	0.000	0.000
HAP1	0.005	0.005	0.000	0.000	-	-	0.035994640178651	0.036	0.031	0.000	0.005
LIPC	0.010	0.010	0.000	0.000	-	-	0.0357950651841242	0.031	0.031	0.000	0.000
GTF3C4	0.005	0.005	0.000	0.000	-	-	0.0353606060877669	0.010	0.010	0.000	0.000
SAG	0.005	0.005	0.000	0.000	-	-	0.0353501638524594	0.010	0.010	0.000	0.000
DNAH1	0.005	0.005	0.000	0.000	-	-	0.0353203551776104	0.099	0.099	0.000	0.000
TRDN	0.010	0.010	0.000	0.000	-	-	0.0352248932951047	0.016	0.016	0.000	0.000
GHR	0.005	0.005	0.000	0.000	-	-	0.0352046322251994	0.021	0.021	0.000	0.000
OCRL	0.005	0.000	0.000	0.005	-	-	0.0351930468782849	0.047	0.021	0.000	0.026
SMARCC1	0.005	0.005	0.000	0.000	-	-	0.0347014546838398	0.010	0.010	0.000	0.000
CEP152	0.010	0.010	0.000	0.000	-	-	0.0345155906266371	0.036	0.036	0.000	0.000
MACF1	0.016	0.016	0.000	0.000	-	-	0.0342677685728632	0.099	0.099	0.000	0.000
MPO	0.010	0.005	0.000	0.005	-	-	0.0337696655512272	0.047	0.036	0.000	0.010
ZEB1	0.010	0.005	0.000	0.005	-	-	0.0337533273149059	0.021	0.016	0.000	0.005
ADAMTS6	0.016	0.016	0.000	0.000	-	-	0.0337092125234491	0.021	0.021	0.000	0.000
LDLR	0.005	0.005	0.000	0.000	-	-	0.0334834292808486	0.016	0.016	0.000	0.000
PXN	0.005	0.005	0.000	0.000	-	-	0.0332808337666332	0.010	0.010	0.000	0.000
SCN4A	0.010	0.010	0.000	0.000	-	-	0.0332652916357673	0.036	0.026	0.000	0.010
SLCO1B1	0.005	0.005	0.000	0.000	-	-	0.0332282658008542	0.026	0.026	0.000	0.000
BAZ1B	0.010	0.010	0.000	0.000	-	-	0.0331942907657719	0.031	0.031	0.000	0.000
RYR3	0.016	0.016	0.000	0.000	-	-	0.0325500723045765	0.115	0.115	0.000	0.000
TUBGCP6	0.010	0.010	0.000	0.000	-	-	0.0322318050033208	0.031	0.026	0.000	0.005
NME1	0.010	0.000	0.000	0.010	-	-	0.0321981826749594	0.016	0.005	0.000	0.010
MCM6	0.005	0.005	0.000	0.000	-	-	0.0321738294236468	0.010	0.010	0.000	0.000
COPS2	0.010	0.010	0.000	0.000	-	-	0.0320395653912847	0.010	0.010	0.000	0.000
PTPRC	0.005	0.005	0.000	0.000	-	-	0.0319931244214682	0.047	0.042	0.000	0.005
COL9A2	0.005	0.005	0.000	0.000	-	-	0.0319657221380282	0.021	0.021	0.000	0.000
NEIL1	0.005	0.005	0.000	0.000	-	-	0.0318564947070714	0.005	0.005	0.000	0.000
NOS3	0.010	0.005	0.000	0.005	-	-	0.0317586037677503	0.031	0.026	0.000	0.005
S100A9	0.005	0.005	0.000	0.000	-	-	0.031525170035912	0.031	0.005	0.000	0.026
FGF13	0.005	0.000	0.000	0.005	-	-	0.0311470312873042	0.016	0.005	0.000	0.010
PEG3	0.010	0.010	0.000	0.000	-	-	0.0311257845285842	0.036	0.036	0.000	0.000
MYBPC1	0.005	0.005	0.000	0.000	-	-	0.0307424153432022	0.021	0.021	0.000	0.000
SPTBN4	0.010	0.010	0.000	0.000	-	-	0.0300795728453361	0.031	0.026	0.000	0.005
PPP1R13L	0.010	0.005	0.000	0.005	-	-	0.0300751694509144	0.021	0.010	0.000	0.010
NPR2	0.010	0.010	0.000	0.000	-	-	0.030021116138958	0.031	0.031	0.000	0.000
PXDN	0.005	0.005	0.000	0.000	-	-	0.0299643186332516	0.057	0.052	0.000	0.005
COL11A2	0.005	0.005	0.000	0.000	-	-	0.0297839138965515	0.031	0.026	0.000	0.005
FUS	0.005	0.005	0.000	0.000	CC	-	0.0297034589958636	0.010	0.010	0.000	0.000
PCDHA7	0.005	0.005	0.000	0.000	-	-	0.0293470461383376	0.031	0.031	0.000	0.000
CIITA	0.005	0.005	0.000	0.000	CC	-	0.0293279587955944	0.010	0.010	0.000	0.000
HNRNPC	0.005	0.005	0.000	0.000	-	-	0.0292845081190248	0.010	0.010	0.000	0.000
MMP2	0.005	0.005	0.000	0.000	-	PC	0.0292696121186692	0.016	0.010	0.005	0.000
PARP2	0.010	0.010	0.000	0.000	-	-	0.0290469704451362	0.021	0.021	0.000	0.000
ZWINT	0.005	0.005	0.000	0.000	-	-	0.0289052155789846	0.010	0.010	0.000	0.000
RAPGEF2	0.005	0.005	0.000	0.000	-	-	0.0287121579751518	0.036	0.031	0.005	0.000
CNTN1	0.010	0.010	0.000	0.000	-	-	0.028638236409952	0.026	0.026	0.000	0.000
SP3	0.005	0.005	0.000	0.000	-	-	0.0286359944047097	0.016	0.016	0.000	0.000
PCDHGA10	0.010	0.010	0.000	0.000	-	-	0.0279476091672867	0.047	0.047	0.000	0.000
DCTN3	0.005	0.005	0.000	0.000	-	-	0.0279283373260511	0.005	0.005	0.000	0.000
NEB	0.010	0.010	0.000	0.000	-	PC	0.0278908090428071	0.130	0.125	0.005	0.000
POLR2K	0.005	0.000	0.000	0.005	-	-	0.0277436621881844	0.062	0.000	0.000	0.062
PRKAR2A	0.005	0.005	0.000	0.000	-	-	0.0274624929365004	0.016	0.016	0.000	0.000
CEP164	0.005	0.005	0.000	0.000	-	-	0.0273086499317491	0.031	0.031	0.000	0.000
INADL	0.010	0.010	0.000	0.000	-	-	0.0271825497177377	0.073	0.073	0.000	0.000
ADAMTS10	0.016	0.016	0.000	0.000	-	-	0.0271433162886324	0.021	0.021	0.000	0.000
SETD2	0.005	0.005	0.000	0.000	CC	PC	0.0270409277653255	0.047	0.047	0.000	0.000
PRKG2	0.005	0.000	0.005	0.000	-	-	0.0269695250207858	0.042	0.036	0.005	0.000
PHOX2A	0.005	0.000	0.000	0.005	-	-	0.0269532028053914	0.010	0.000	0.000	0.010
JUND	0.005	0.005	0.000	0.005	-	-	0.0269241919918305	0.010	0.010	0.000	0.005
CDH19	0.005	0.005	0.000	0.000	-	-	0.0268284118960736	0.010	0.010	0.000	0.000
SMARCD2	0.010	0.005	0.000	0.005	-	-	0.0261166592389045	0.021	0.010	0.000	0.010
CLDN2	0.010	0.000	0.000	0.010	-	-	0.0260711996823287	0.026	0.000	0.000	0.026
RASGRP3	0.010	0.010	0.000	0.000	-	-	0.0259667718463387	0.021	0.016	0.000	0.005
RASGRF2	0.010	0.010	0.000	0.000	-	-	0.0259193494515854	0.031	0.031	0.000	0.000
SMPD2	0.005	0.005	0.000	0.000	-	-	0.025801477211187	0.010	0.010	0.000	0.000
ADAMTS12	0.010	0.010	0.000	0.000	-	-	0.0256736373488591	0.047	0.047	0.000	0.000
CENPJ	0.010	0.010	0.000	0.000	-	-	0.0256662131807093	0.021	0.016	0.000	0.005
S100P	0.005	0.005	0.000	0.000	-	-	0.0256421311440387	0.010	0.010	0.000	0.000
ELN	0.005	0.005	0.000	0.000	CC	-	0.0254408937407333	0.016	0.016	0.000	0.000
HMGCR	0.005	0.005	0.000	0.000	-	-	0.0252946960979292	0.026	0.026	0.000	0.000
CDH22	0.005	0.005	0.000	0.000	-	-	0.0252358344494721	0.010	0.010	0.000	0.000
NBN	0.016	0.000	0.000	0.016	-	-	0.0251889198775659	0.073	0.016	0.000	0.057
CDK5RAP2	0.005	0.005	0.000	0.000	-	-	0.0251416419151007	0.031	0.031	0.000	0.000
DTNA	0.010	0.010	0.000	0.000	-	-	0.0250291188605452	0.036	0.031	0.000	0.005
FGF12	0.005	0.005	0.000	0.000	-	-	0.0250221784080464	0.005	0.005	0.000	0.000
TIAM1	0.005	0.005	0.000	0.000	-	-	0.0246380101486851	0.016	0.010	0.005	0.000
FZD8	0.005	0.000	0.000	0.005	-	-	0.0242396811318939	0.010	0.000	0.000	0.010
TUBGCP5	0.010	0.005	0.005	0.000	-	-	0.0240874821263962	0.021	0.016	0.005	0.000
MYCBP2	0.005	0.005	0.000	0.000	-	-	0.0239430818636858	0.057	0.047	0.010	0.000
PCDHGA4	0.005	0.005	0.000	0.000	-	-	0.0234819956216262	0.021	0.021	0.000	0.000
RARB	0.005	0.005	0.000	0.000	-	-	0.0232853603089598	0.005	0.005	0.000	0.000
LRP5	0.005	0.000	0.000	0.005	-	-	0.0230177585758871	0.016	0.005	0.000	0.010
SERPINB4	0.005	0.005	0.000	0.000	-	-	0.0229745979614294	0.010	0.010	0.000	0.000
SVEP1	0.005	0.005	0.000	0.000	-	-	0.0226102282386996	0.104	0.104	0.000	0.000
ITGB6	0.005	0.000	0.005	0.000	-	-	0.0223627052757881	0.026	0.021	0.005	0.000
CHRNB1	0.005	0.000	0.005	0.000	-	-	0.0221350686437278	0.026	0.010	0.016	0.000
S100A12	0.005	0.000	0.000	0.005	-	-	0.0218297573372335	0.031	0.000	0.000	0.031
PRKAR2B	0.010	0.005	0.000	0.005	-	-	0.0213628104046028	0.016	0.005	0.000	0.010
MAP4	0.010	0.010	0.000	0.000	-	-	0.021171111916253	0.036	0.036	0.000	0.000
TBL1Y	0.016	0.000	0.016	0.000	-	-	0.0210631052936245	0.156	0.010	0.141	0.005
GUCY2D	0.010	0.005	0.005	0.000	-	-	0.0208965921658248	0.021	0.005	0.016	0.000
APBB1	0.005	0.005	0.000	0.000	-	-	0.020799519985169	0.010	0.010	0.000	0.000
NQO2	0.005	0.000	0.000	0.005	-	-	0.0205030720448173	0.021	0.005	0.000	0.016
MAP2K1	0.005	0.005	0.000	0.000	-	-	0.0204891963083652	0.021	0.021	0.000	0.000
CSK	0.005	0.000	0.000	0.005	-	-	0.0203852596713182	0.010	0.005	0.000	0.005
CCNA1	0.010	0.010	0.000	0.000	-	-	0.020260998618628	0.010	0.010	0.000	0.000
IPO9	0.010	0.005	0.000	0.005	-	-	0.020069984794508	0.016	0.005	0.000	0.010
DDR2	0.005	0.000	0.000	0.005	-	-	0.0198569256887934	0.047	0.026	0.000	0.021
HNF1A	0.005	0.005	0.000	0.000	-	-	0.0198084313472641	0.057	0.057	0.000	0.000
SMAD7	0.005	0.005	0.000	0.000	-	-	0.0196532243951642	0.005	0.005	0.000	0.000
PLK1	0.005	0.005	0.000	0.000	-	-	0.0191992225377099	0.010	0.010	0.000	0.000
ARRB2	0.005	0.005	0.000	0.000	-	-	0.0191168776026578	0.021	0.010	0.010	0.000
HUWE1	0.010	0.010	0.000	0.000	-	PC	0.0189870371325987	0.062	0.062	0.000	0.000
LRP10	0.005	0.005	0.000	0.000	-	-	0.0183824448481826	0.010	0.010	0.000	0.000
IBSP	0.005	0.005	0.000	0.000	-	-	0.0182380695168208	0.036	0.031	0.005	0.000
RNF139	0.005	0.005	0.000	0.000	-	-	0.0180856583637357	0.083	0.016	0.000	0.068
SKIL	0.005	0.005	0.000	0.000	-	-	0.0180119837937338	0.005	0.005	0.000	0.000
ZFYVE9	0.005	0.005	0.000	0.000	-	-	0.0179981988128797	0.031	0.031	0.000	0.000
PCDHA12	0.005	0.005	0.000	0.000	-	-	0.017741021594359	0.016	0.016	0.000	0.000
HELLS	0.005	0.005	0.000	0.000	-	-	0.0176860735699086	0.031	0.031	0.000	0.000
XRCC1	0.005	0.005	0.000	0.000	-	-	0.0173640870835458	0.010	0.005	0.000	0.005
PSMA4	0.005	0.005	0.000	0.000	-	-	0.0172629210677114	0.016	0.016	0.000	0.000
CFB	0.005	0.005	0.000	0.000	-	-	0.0165638199973318	0.016	0.005	0.000	0.010
PPP2R5A	0.010	0.005	0.000	0.005	-	-	0.0165181087559684	0.016	0.010	0.000	0.005
LIG3	0.005	0.005	0.000	0.000	-	-	0.0164711099972288	0.016	0.010	0.000	0.005
FBLN5	0.005	0.005	0.000	0.000	-	-	0.0162377258225141	0.016	0.016	0.000	0.000
NPHP1	0.005	0.005	0.000	0.000	-	-	0.0161964407787989	0.031	0.026	0.005	0.000
RAPGEF6	0.005	0.005	0.000	0.000	-	-	0.016172878141423	0.016	0.016	0.000	0.000
RIMS2	0.010	0.000	0.000	0.010	-	-	0.0160004145090718	0.115	0.031	0.000	0.083
ITGAE	0.005	0.000	0.005	0.000	-	-	0.0159903765198524	0.021	0.010	0.010	0.000
UNC5D	0.005	0.005	0.000	0.000	-	-	0.015811751199872	0.089	0.042	0.042	0.005
ACTG2	0.005	0.005	0.000	0.000	-	-	0.0157987068022248	0.005	0.005	0.000	0.000
PDIA3	0.005	0.005	0.000	0.000	-	-	0.0157487536191735	0.010	0.010	0.000	0.000
COL6A2	0.005	0.005	0.000	0.000	-	-	0.0157406848560184	0.026	0.026	0.000	0.000
PPP1R7	0.005	0.005	0.000	0.000	-	-	0.0157289051057043	0.005	0.005	0.000	0.000
UBE2NL	0.010	0.000	0.000	0.010	-	-	0.0155510876495716	0.016	0.000	0.000	0.016
DNAH10	0.010	0.010	0.000	0.000	-	-	0.0155111744561205	0.125	0.125	0.000	0.000
UBR1	0.005	0.005	0.000	0.000	-	-	0.0153397909903766	0.052	0.052	0.000	0.000
ELF1	0.005	0.005	0.000	0.000	-	-	0.0151498468576545	0.016	0.010	0.005	0.000
MAPK14	0.005	0.005	0.000	0.000	-	-	0.0151459841507876	0.021	0.016	0.000	0.005
COL11A1	0.005	0.005	0.000	0.000	-	-	0.0150857711827988	0.062	0.062	0.000	0.000
XBP1	0.005	0.005	0.000	0.000	-	-	0.0150385932049095	0.016	0.010	0.005	0.000
CDH4	0.005	0.005	0.000	0.000	-	-	0.0149603851559626	0.016	0.016	0.000	0.000
SDCBP	0.010	0.005	0.000	0.005	-	-	0.0149520932768351	0.062	0.016	0.000	0.047
RPS6KA5	0.005	0.005	0.000	0.000	-	-	0.0145421879969758	0.016	0.016	0.000	0.000
COPS6	0.005	0.005	0.000	0.000	-	-	0.0145254108460001	0.010	0.005	0.000	0.005
TAF10	0.005	0.005	0.000	0.000	-	-	0.0144004289461075	0.005	0.005	0.000	0.000
TNKS	0.005	0.005	0.000	0.000	-	-	0.014173887691876	0.078	0.026	0.052	0.000
DYNC1I2	0.005	0.000	0.000	0.005	-	-	0.014008044987437	0.016	0.010	0.000	0.005
BTK	0.005	0.000	0.000	0.005	-	-	0.0129661786008771	0.031	0.005	0.000	0.026
PRKG1	0.005	0.005	0.000	0.000	-	-	0.0127222935686352	0.026	0.026	0.000	0.000
RASA2	0.005	0.005	0.000	0.000	-	-	0.0126224278262061	0.016	0.016	0.000	0.000
PAX1	0.005	0.005	0.000	0.000	-	-	0.0125752646916392	0.010	0.010	0.000	0.000
BLM	0.005	0.005	0.000	0.000	CC	PC	0.0125225189405227	0.016	0.016	0.000	0.000
MFGE8	0.005	0.005	0.000	0.000	-	-	0.0123146799891054	0.005	0.005	0.000	0.000
WEE1	0.010	0.010	0.000	0.000	-	-	0.0122002113711611	0.021	0.021	0.000	0.000
HOXD4	0.005	0.005	0.000	0.000	-	-	0.0120795470762295	0.005	0.005	0.000	0.000
RALGDS	0.005	0.005	0.000	0.000	CC	-	0.0118256593721096	0.016	0.016	0.000	0.000
CCNB2	0.005	0.005	0.000	0.000	-	-	0.0117202844527028	0.005	0.005	0.000	0.000
COL27A1	0.005	0.005	0.000	0.000	-	-	0.0115732965382113	0.026	0.026	0.000	0.000
NUP214	0.005	0.005	0.000	0.000	CC	PC	0.0114896496786899	0.026	0.026	0.000	0.000
PDGFD	0.005	0.005	0.000	0.000	-	-	0.0114055313654089	0.010	0.010	0.000	0.000
RASGRP4	0.005	0.005	0.000	0.000	-	-	0.0113266057916165	0.026	0.016	0.000	0.010
CELSR3	0.005	0.005	0.000	0.000	-	-	0.0112148447108081	0.042	0.042	0.000	0.000
FAT1	0.005	0.005	0.000	0.000	-	-	0.0109834834715354	0.057	0.052	0.005	0.000
RBP4	0.005	0.005	0.000	0.000	-	-	0.010950299894156	0.005	0.005	0.000	0.000
CASP8	0.005	0.005	0.000	0.000	-	PC	0.0109310510104878	0.010	0.010	0.000	0.000
PLCE1	0.005	0.005	0.000	0.000	-	-	0.0109084503572726	0.047	0.047	0.000	0.000
TPTE	0.005	0.005	0.000	0.000	-	-	0.0107538674565227	0.026	0.026	0.000	0.000
FZD10	0.005	0.005	0.000	0.000	-	-	0.0106570100886524	0.026	0.021	0.005	0.000
MMP3	0.005	0.005	0.000	0.000	-	-	0.010606715054379	0.005	0.005	0.000	0.000
WNT6	0.005	0.005	0.000	0.000	-	-	0.0105180224468629	0.010	0.010	0.000	0.000
IL6R	0.005	0.000	0.000	0.005	-	-	0.0103651097360419	0.026	0.000	0.000	0.026
CLIP1	0.005	0.005	0.000	0.000	-	PC	0.0103178310632517	0.031	0.031	0.000	0.000
RPS6KA2	0.005	0.005	0.000	0.000	-	-	0.0102397857446902	0.026	0.026	0.000	0.000
TNFRSF25	0.005	0.000	0.005	0.000	-	-	0.010030073906339	0.016	0.010	0.005	0.000
CDKN2A	0.005	0.000	0.005	0.000	CC	PC	0.00997545470713521	0.031	0.010	0.021	0.000
CBLB	0.005	0.005	0.000	0.000	CC	-	0.00968081346951745	0.010	0.010	0.000	0.000
GRAP	0.005	0.000	0.005	0.000	-	-	0.00956049387811609	0.016	0.000	0.010	0.005
GUCY2C	0.005	0.005	0.000	0.000	-	-	0.00941850190946729	0.026	0.026	0.000	0.000
NUCB1	0.005	0.005	0.000	0.000	-	-	0.00937539826124693	0.031	0.031	0.000	0.000
AURKA	0.005	0.000	0.000	0.005	-	-	0.00922685410381099	0.021	0.016	0.000	0.005
TLE3	0.005	0.005	0.000	0.000	-	-	0.00920271591493453	0.021	0.021	0.000	0.000
NOLC1	0.005	0.005	0.000	0.000	-	-	0.00898803236318776	0.016	0.016	0.000	0.000
KCNJ4	0.005	0.005	0.000	0.000	-	-	0.00895306888432531	0.016	0.016	0.000	0.000
DNAH5	0.005	0.005	0.000	0.000	-	-	0.00874599197436125	0.099	0.099	0.000	0.000
POLE3	0.005	0.005	0.000	0.000	-	-	0.00841672745369776	0.005	0.005	0.000	0.000
SNX9	0.005	0.005	0.000	0.000	-	-	0.00820228291821927	0.010	0.010	0.000	0.000
WNT2	0.005	0.000	0.000	0.005	-	-	0.008170086101665	0.021	0.005	0.000	0.016
ADAMTS7	0.005	0.005	0.000	0.000	-	-	0.00815685119578615	0.047	0.047	0.000	0.000
ADAMTS2	0.005	0.005	0.000	0.000	-	-	0.00809309107891448	0.021	0.021	0.000	0.000
MDM4	0.005	0.005	0.000	0.000	CC	-	0.00806273686279094	0.021	0.016	0.000	0.005
CSNK1G3	0.005	0.005	0.000	0.000	-	-	0.00805839914759312	0.005	0.005	0.000	0.000
ADRBK1	0.005	0.005	0.000	0.000	-	-	0.00774932164128682	0.016	0.010	0.000	0.005
NKD2	0.005	0.000	0.000	0.005	-	-	0.00767794842310625	0.016	0.005	0.000	0.010
GFI1	0.005	0.005	0.000	0.000	-	-	0.00760041968378	0.005	0.005	0.000	0.000
MAD2L1	0.005	0.005	0.000	0.000	-	-	0.00753459965309531	0.010	0.005	0.005	0.000
CDH18	0.005	0.005	0.000	0.000	-	-	0.00740553351171406	0.026	0.026	0.000	0.000
L1CAM	0.005	0.005	0.000	0.000	-	-	0.00713095719232177	0.031	0.021	0.000	0.010
DDB1	0.005	0.005	0.000	0.000	-	-	0.00711368267312182	0.021	0.021	0.000	0.000
ARIH2	0.005	0.005	0.000	0.000	-	-	0.00702288022978401	0.005	0.005	0.000	0.000
CTNND1	0.005	0.005	0.000	0.000	-	PC	0.00697983355756406	0.010	0.010	0.000	0.000
ILK	0.005	0.005	0.000	0.000	-	-	0.00685750730747807	0.005	0.005	0.000	0.000
PCDHB10	0.005	0.005	0.000	0.000	-	-	0.00683650090390484	0.021	0.021	0.000	0.000
ATF6	0.005	0.000	0.000	0.005	-	-	0.00680130834996891	0.036	0.016	0.000	0.021
KEAP1	0.005	0.005	0.000	0.000	-	PC	0.0067847750484538	0.036	0.036	0.000	0.000
TAF9B	0.005	0.005	0.000	0.000	-	-	0.0067241271019462	0.010	0.005	0.000	0.005
DCHS1	0.005	0.005	0.000	0.000	-	-	0.00648112999454807	0.047	0.047	0.000	0.000
FMR1	0.005	0.005	0.000	0.000	-	-	0.00636738015378964	0.031	0.016	0.000	0.016
ENO1	0.005	0.000	0.005	0.000	-	-	0.00622714336241922	0.021	0.005	0.016	0.000
SPTAN1	0.005	0.005	0.000	0.000	-	-	0.00615106296496391	0.036	0.036	0.000	0.000
PLK2	0.005	0.005	0.000	0.000	-	-	0.00612485543369641	0.016	0.016	0.000	0.000
DRAP1	0.005	0.005	0.000	0.000	-	-	0.00586118065852693	0.005	0.005	0.000	0.000
SHH	0.005	0.005	0.000	0.000	-	-	0.00579466838435057	0.010	0.010	0.000	0.000
LRP4	0.005	0.005	0.000	0.000	-	-	0.00554002879315365	0.031	0.031	0.000	0.000
