GENE	DRIVER_FREQUENCY	DRIVER_SNV_FREQUENCY	DRIVER_DELTION_FREQUENCY	DRIVER_AMPLIFICATION_FREQUENCY	CANCER_CENSUS	PAN_CANCER	IMPACT	MUTATION_FREQUENCY	SNV_FREQUENCY	DELTION_FREQUENCY	AMPLIFICATION_FREQUENCY
TTN	0.296	0.296	0.000	0.000	-	-	167.262458867898	0.298	0.298	0.000	0.000
TP53	0.227	0.227	0.000	0.000	CC	PC	160.724339980311	0.227	0.227	0.000	0.000
PIK3CA	0.092	0.092	0.000	0.000	CC	PC	65.3016599688758	0.092	0.092	0.000	0.000
CDKN2A	0.079	0.018	0.061	0.000	CC	PC	58.6616548440517	0.095	0.018	0.077	0.000
EP300	0.066	0.066	0.000	0.000	CC	PC	53.6780497301587	0.066	0.066	0.000	0.000
RYR2	0.079	0.079	0.000	0.000	-	-	47.2710903908093	0.079	0.079	0.000	0.000
ARID1A	0.074	0.074	0.000	0.000	CC	PC	38.702636135183	0.103	0.103	0.000	0.000
FGFR1	0.026	0.008	0.005	0.013	CC	-	35.3895698283483	0.026	0.008	0.005	0.013
FGFR3	0.045	0.040	0.003	0.003	CC	PC	34.7351704935998	0.050	0.045	0.003	0.003
ZFHX4	0.050	0.045	0.000	0.005	-	-	33.6023083027618	0.069	0.061	0.000	0.008
CDKN2B	0.053	0.005	0.047	0.000	-	-	33.171687305342	0.079	0.005	0.074	0.000
DMD	0.047	0.026	0.008	0.013	-	PC	32.6736153033748	0.047	0.026	0.008	0.013
PRKY	0.042	0.000	0.042	0.000	-	-	31.6891856551711	0.055	0.000	0.055	0.000
ERBB3	0.040	0.040	0.000	0.000	-	-	31.532092989011	0.042	0.042	0.000	0.000
RB1	0.037	0.032	0.008	0.000	CC	PC	31.3273070021549	0.045	0.040	0.008	0.000
RXRA	0.032	0.032	0.000	0.000	-	PC	31.2205697253332	0.032	0.032	0.000	0.000
LAMA3	0.042	0.042	0.000	0.000	-	-	30.3585726994134	0.042	0.042	0.000	0.000
CREBBP	0.053	0.053	0.000	0.000	CC	-	28.1267823118867	0.055	0.055	0.000	0.000
YWHAZ	0.029	0.003	0.000	0.026	-	-	26.5423655969861	0.045	0.008	0.000	0.037
PTEN	0.045	0.042	0.003	0.000	CC	PC	25.4529383574126	0.047	0.045	0.003	0.000
CCND1	0.024	0.005	0.000	0.021	CC	PC	25.4257021282812	0.032	0.005	0.000	0.029
PTK2B	0.021	0.008	0.016	0.000	-	-	24.610296047774	0.024	0.008	0.018	0.000
CTNNB1	0.034	0.034	0.000	0.000	CC	PC	24.1318302515051	0.034	0.034	0.000	0.000
NCOR1	0.047	0.040	0.008	0.000	-	PC	23.5408542055653	0.050	0.042	0.008	0.000
GRIN2A	0.032	0.029	0.000	0.003	-	-	22.1177425768111	0.040	0.037	0.000	0.003
FGF19	0.021	0.000	0.000	0.021	-	-	21.8563854188148	0.029	0.000	0.000	0.029
COL6A3	0.037	0.034	0.003	0.000	-	-	21.6647643776542	0.042	0.040	0.003	0.000
ERBB2	0.026	0.024	0.000	0.005	CC	PC	20.945644638725	0.037	0.032	0.000	0.013
FADD	0.018	0.000	0.000	0.018	-	-	20.831325544107	0.029	0.003	0.000	0.026
COL11A1	0.034	0.034	0.000	0.000	-	-	20.566832938561	0.042	0.042	0.000	0.000
CTTN	0.021	0.005	0.000	0.016	-	PC	20.3000287622862	0.037	0.008	0.000	0.032
PDGFRA	0.024	0.024	0.000	0.000	CC	PC	20.2910485096004	0.024	0.024	0.000	0.000
CDH1	0.021	0.021	0.000	0.000	CC	PC	20.1457897378788	0.021	0.021	0.000	0.000
NOTCH2	0.032	0.032	0.000	0.000	CC	-	19.8267647099628	0.032	0.032	0.000	0.000
NCOR2	0.029	0.026	0.003	0.000	-	PC	18.5135668127148	0.037	0.034	0.003	0.000
VCAN	0.029	0.029	0.000	0.000	-	-	18.1956665408585	0.034	0.034	0.000	0.000
GLI3	0.026	0.026	0.000	0.000	-	-	18.0572360838832	0.026	0.026	0.000	0.000
COL7A1	0.026	0.026	0.000	0.000	-	-	17.9819055277311	0.045	0.045	0.000	0.000
ROBO1	0.026	0.024	0.003	0.000	-	-	17.77085957877	0.032	0.029	0.003	0.000
EGFR	0.026	0.013	0.000	0.013	CC	PC	17.6340080876237	0.026	0.013	0.000	0.013
PIK3C2A	0.016	0.016	0.000	0.000	-	-	17.3907921485533	0.021	0.021	0.000	0.000
HSPG2	0.026	0.024	0.000	0.003	-	-	17.1963408523885	0.034	0.032	0.000	0.003
NEB	0.021	0.021	0.000	0.000	-	PC	16.4918618596577	0.053	0.053	0.000	0.000
USF1	0.018	0.000	0.000	0.018	-	-	16.0461101238734	0.037	0.000	0.000	0.037
RXRG	0.026	0.013	0.000	0.016	-	-	15.284059937501	0.029	0.016	0.000	0.016
LAMA4	0.026	0.021	0.005	0.000	-	-	15.1979875843766	0.032	0.026	0.005	0.000
CDKN1A	0.029	0.026	0.000	0.003	-	PC	15.1307051194052	0.055	0.053	0.000	0.003
PPARG	0.021	0.005	0.000	0.016	CC	-	15.0845050622745	0.034	0.011	0.000	0.024
RHOB	0.016	0.016	0.000	0.000	-	-	15.0634614788009	0.021	0.021	0.000	0.000
LRP1	0.040	0.040	0.000	0.000	-	-	15.0266824087253	0.050	0.050	0.000	0.000
NCOA2	0.013	0.005	0.000	0.008	CC	-	14.7776482786109	0.021	0.011	0.000	0.011
GLI1	0.018	0.018	0.000	0.000	-	-	14.6165105283946	0.018	0.018	0.000	0.000
AKAP6	0.013	0.013	0.000	0.000	-	-	14.4238011250452	0.021	0.021	0.000	0.000
UTRN	0.021	0.018	0.000	0.003	-	-	14.4014624366396	0.024	0.021	0.000	0.003
LAMA2	0.026	0.026	0.000	0.000	-	-	14.0029799911518	0.042	0.042	0.000	0.000
ROCK1	0.024	0.021	0.000	0.003	-	-	13.9370551006857	0.026	0.024	0.000	0.003
MYC	0.021	0.008	0.000	0.013	CC	-	13.4630971558496	0.021	0.008	0.000	0.013
FN1	0.018	0.016	0.003	0.000	-	PC	13.2754692310005	0.024	0.021	0.003	0.000
POU2F1	0.016	0.008	0.000	0.008	-	-	13.2338101435566	0.018	0.008	0.000	0.011
LRP2	0.026	0.026	0.000	0.000	-	-	13.0930115814843	0.040	0.037	0.000	0.003
PIAS3	0.018	0.005	0.000	0.013	-	-	12.8996198517741	0.018	0.005	0.000	0.013
NCSTN	0.024	0.008	0.000	0.021	-	-	12.8429999152254	0.037	0.013	0.000	0.029
LRP5	0.011	0.005	0.000	0.005	-	-	12.6675029205818	0.016	0.011	0.000	0.005
MED12	0.032	0.032	0.000	0.003	CC	PC	12.5987713954112	0.042	0.042	0.000	0.003
LAMA1	0.024	0.024	0.000	0.000	-	-	12.4646105530659	0.024	0.024	0.000	0.000
GLI2	0.018	0.016	0.003	0.000	-	-	12.3520178265344	0.018	0.016	0.003	0.000
FRS2	0.021	0.008	0.000	0.013	-	-	12.1933733757493	0.026	0.011	0.000	0.016
HRAS	0.021	0.021	0.000	0.000	CC	PC	12.0871627135027	0.024	0.024	0.000	0.000
FOXA1	0.029	0.026	0.000	0.003	-	PC	11.9832892151633	0.053	0.050	0.000	0.003
TGM1	0.011	0.011	0.000	0.000	-	-	11.9468240833975	0.011	0.011	0.000	0.000
ANK2	0.024	0.024	0.000	0.000	-	-	11.9401653276761	0.042	0.042	0.000	0.000
NOTCH1	0.016	0.016	0.000	0.000	CC	PC	11.4314284865747	0.021	0.021	0.000	0.000
PCDH11Y	0.069	0.003	0.063	0.003	-	-	11.2616122837698	0.069	0.003	0.063	0.003
GRIN1	0.018	0.016	0.000	0.003	-	-	11.1246947389905	0.018	0.016	0.000	0.003
NF1	0.016	0.016	0.000	0.000	CC	PC	11.0417479552717	0.032	0.032	0.000	0.000
GATA4	0.008	0.000	0.008	0.000	-	-	10.9366844323079	0.016	0.000	0.016	0.000
ITPR2	0.021	0.018	0.000	0.003	-	-	10.7707485263171	0.032	0.029	0.000	0.003
NRG1	0.016	0.011	0.005	0.000	-	-	10.4179410664557	0.037	0.018	0.016	0.003
COL5A1	0.021	0.021	0.000	0.000	-	-	10.4063907106437	0.026	0.026	0.000	0.000
CDH8	0.021	0.018	0.000	0.003	-	-	10.3785245551015	0.024	0.021	0.000	0.003
CACNA1F	0.008	0.005	0.000	0.003	-	-	10.2652394214062	0.016	0.008	0.000	0.008
SRCAP	0.029	0.029	0.000	0.000	-	-	10.1976745885443	0.042	0.042	0.000	0.000
ATRX	0.013	0.013	0.000	0.000	CC	PC	10.1482521026642	0.024	0.024	0.000	0.000
ANK1	0.018	0.016	0.000	0.003	-	-	10.1184788687126	0.037	0.029	0.000	0.008
LAMB1	0.024	0.021	0.000	0.003	-	-	10.0987436445697	0.024	0.021	0.000	0.003
POLR2K	0.011	0.000	0.000	0.011	-	-	10.0039816722473	0.032	0.000	0.000	0.032
FGFR2	0.011	0.011	0.000	0.000	CC	PC	9.98987688103964	0.013	0.013	0.000	0.000
HTT	0.018	0.016	0.003	0.000	-	-	9.95568415016589	0.021	0.018	0.003	0.000
GRIN2C	0.016	0.013	0.000	0.003	-	-	9.93725113767116	0.018	0.016	0.000	0.003
ACTG1	0.013	0.013	0.000	0.000	-	-	9.87481171586875	0.013	0.013	0.000	0.000
SCN4A	0.011	0.011	0.000	0.000	-	-	9.87272358887995	0.018	0.018	0.000	0.000
SDC2	0.011	0.000	0.000	0.011	-	-	9.55413429393275	0.011	0.000	0.000	0.011
STAT1	0.011	0.008	0.003	0.000	-	-	9.54720948839806	0.013	0.011	0.003	0.000
MYLK3	0.008	0.008	0.000	0.000	-	-	9.42478444608687	0.018	0.013	0.000	0.005
MYST4	0.011	0.008	0.000	0.003	CC	-	9.34780666097685	0.011	0.008	0.000	0.003
LRP1B	0.032	0.032	0.000	0.000	-	-	9.30997489147968	0.058	0.058	0.000	0.000
DLG2	0.008	0.008	0.000	0.000	-	-	9.22407850322594	0.008	0.008	0.000	0.000
RHOA	0.013	0.013	0.000	0.000	-	PC	9.20341123073913	0.013	0.013	0.000	0.000
ITGA5	0.011	0.008	0.000	0.003	-	-	9.1625656464451	0.011	0.008	0.000	0.003
NR1I3	0.013	0.003	0.000	0.011	-	-	9.11379492596534	0.034	0.005	0.000	0.029
RASGRF2	0.011	0.008	0.003	0.000	-	-	9.07289685346876	0.011	0.008	0.003	0.000
NR0B1	0.005	0.000	0.000	0.005	-	-	9.06182708110739	0.013	0.000	0.003	0.011
PLCG1	0.008	0.008	0.000	0.000	-	PC	9.05986586671778	0.011	0.011	0.000	0.000
ACTA1	0.008	0.005	0.003	0.000	-	-	9.04471318248142	0.011	0.008	0.003	0.000
ACTN4	0.013	0.011	0.000	0.003	-	-	8.86055627496755	0.013	0.011	0.000	0.003
GAB1	0.008	0.005	0.000	0.003	-	-	8.78288380084777	0.011	0.005	0.000	0.005
CRKL	0.008	0.000	0.000	0.008	-	-	8.65542318309447	0.008	0.000	0.000	0.008
PAK3	0.013	0.011	0.003	0.000	-	-	8.65342118914875	0.013	0.011	0.003	0.000
AR	0.005	0.003	0.000	0.003	-	PC	8.62946113044889	0.005	0.003	0.000	0.003
SCN5A	0.013	0.011	0.000	0.003	-	-	8.56365445421233	0.026	0.024	0.000	0.003
PBX1	0.013	0.005	0.000	0.011	CC	-	8.46115722182484	0.021	0.011	0.000	0.013
VWF	0.008	0.008	0.000	0.000	-	-	8.43937330179707	0.026	0.026	0.000	0.000
CCNE1	0.008	0.000	0.000	0.008	CC	-	8.41249864536195	0.024	0.000	0.000	0.024
ABL1	0.016	0.016	0.000	0.000	CC	PC	8.39115645627933	0.018	0.018	0.000	0.000
PRKDC	0.024	0.018	0.000	0.005	-	-	8.35693816857263	0.045	0.037	0.003	0.005
TNR	0.013	0.008	0.000	0.005	-	-	8.27888587889994	0.024	0.018	0.000	0.005
CSNK2A1	0.011	0.011	0.000	0.000	-	-	8.1887767117266	0.013	0.013	0.000	0.000
BCL9	0.018	0.011	0.000	0.008	CC	-	8.18474131894953	0.034	0.021	0.000	0.013
ITGB4	0.011	0.011	0.000	0.000	-	-	8.15000659670413	0.018	0.018	0.000	0.000
PRKX	0.016	0.008	0.000	0.008	-	-	8.0812124997655	0.021	0.008	0.003	0.011
ARNT	0.008	0.003	0.000	0.005	CC	-	8.01782489527759	0.024	0.008	0.000	0.016
RAF1	0.008	0.000	0.000	0.008	CC	-	7.97468246717036	0.016	0.005	0.000	0.011
NCOA1	0.008	0.008	0.000	0.000	CC	-	7.95290073246248	0.018	0.018	0.000	0.000
ATM	0.045	0.045	0.000	0.000	CC	PC	7.90000256152108	0.071	0.069	0.003	0.000
CUL1	0.008	0.008	0.000	0.000	-	PC	7.87332172312244	0.018	0.018	0.000	0.000
LZTS1	0.008	0.003	0.005	0.000	-	-	7.82275551757488	0.026	0.008	0.018	0.000
NFATC1	0.005	0.005	0.000	0.000	-	-	7.79870435490032	0.013	0.013	0.000	0.000
CACNA1S	0.011	0.008	0.000	0.003	-	-	7.76102103268927	0.018	0.013	0.000	0.005
SMARCB1	0.013	0.011	0.000	0.003	CC	-	7.7472375861066	0.016	0.011	0.000	0.005
SNTB1	0.011	0.005	0.000	0.005	-	-	7.73193807402783	0.011	0.005	0.000	0.005
TRPC4	0.018	0.016	0.003	0.000	-	-	7.72212762575069	0.026	0.021	0.005	0.000
ITGA3	0.011	0.011	0.000	0.000	-	-	7.71715796983774	0.013	0.013	0.000	0.000
APBA2	0.005	0.005	0.000	0.000	-	-	7.69062023355778	0.008	0.008	0.000	0.000
CTNNA2	0.016	0.013	0.003	0.000	-	-	7.67156672827827	0.016	0.013	0.003	0.000
RASA1	0.011	0.011	0.000	0.000	-	PC	7.65011143008741	0.011	0.011	0.000	0.000
PLCG2	0.011	0.005	0.005	0.000	-	-	7.64177898977287	0.016	0.011	0.005	0.000
FGF13	0.011	0.008	0.000	0.003	-	-	7.60595144050318	0.011	0.008	0.000	0.003
HSP90AA1	0.011	0.011	0.000	0.000	-	-	7.53371081542418	0.024	0.021	0.003	0.000
FGFR4	0.008	0.008	0.000	0.000	-	-	7.52765532822107	0.008	0.008	0.000	0.000
PPP2CB	0.005	0.000	0.005	0.000	-	-	7.48941698057923	0.016	0.000	0.016	0.000
PIK3CG	0.018	0.016	0.000	0.003	-	PC	7.48940483288055	0.018	0.016	0.000	0.003
PLCB1	0.013	0.013	0.000	0.000	-	-	7.48588080802851	0.016	0.016	0.000	0.000
GDNF	0.011	0.005	0.000	0.005	-	-	7.38955811491211	0.013	0.005	0.000	0.008
ACTB	0.008	0.008	0.000	0.000	-	-	7.38905262780058	0.013	0.013	0.000	0.000
NRXN1	0.018	0.018	0.000	0.000	-	-	7.27813433863853	0.026	0.026	0.000	0.000
SRC	0.011	0.011	0.000	0.000	-	-	7.25540940342062	0.011	0.011	0.000	0.000
PCDH1	0.011	0.011	0.000	0.000	-	-	7.21090285360997	0.013	0.013	0.000	0.000
ITGAL	0.013	0.013	0.000	0.000	-	-	7.17423472341712	0.016	0.016	0.000	0.000
MDM2	0.008	0.000	0.000	0.008	CC	-	7.1362761766879	0.018	0.003	0.000	0.016
ACTA2	0.018	0.008	0.011	0.000	-	-	7.11137134853414	0.021	0.008	0.013	0.000
TLE1	0.008	0.008	0.000	0.000	-	-	7.11023775651202	0.013	0.013	0.000	0.000
ARHGEF6	0.008	0.005	0.000	0.003	-	PC	7.01155859926406	0.013	0.008	0.000	0.005
HOXA10	0.013	0.008	0.000	0.005	-	-	6.87691181182831	0.016	0.011	0.000	0.005
NFKBIB	0.008	0.005	0.000	0.003	-	-	6.79350216608822	0.013	0.008	0.000	0.005
SMAD9	0.011	0.008	0.003	0.000	-	-	6.76912220257627	0.013	0.008	0.005	0.000
COL6A6	0.013	0.013	0.000	0.000	-	-	6.73277569147899	0.032	0.032	0.000	0.000
FLNC	0.011	0.011	0.000	0.000	-	-	6.73251470301845	0.013	0.013	0.000	0.000
KCNJ12	0.011	0.008	0.000	0.003	-	-	6.71990986396471	0.011	0.008	0.000	0.003
JAK1	0.016	0.011	0.003	0.003	CC	-	6.71101787365267	0.016	0.011	0.003	0.003
RPS6KA5	0.008	0.008	0.000	0.000	-	-	6.69988034293715	0.018	0.016	0.003	0.000
DLG4	0.005	0.005	0.000	0.000	-	-	6.69666599539958	0.008	0.008	0.000	0.000
MYH3	0.011	0.011	0.000	0.000	-	-	6.63834895745813	0.021	0.018	0.003	0.000
IGF1R	0.008	0.008	0.000	0.000	-	-	6.62587186776975	0.013	0.013	0.000	0.000
NOTCH3	0.011	0.011	0.000	0.000	-	-	6.62080130472375	0.016	0.016	0.000	0.000
KL	0.011	0.011	0.003	0.000	-	-	6.56265463568446	0.016	0.016	0.003	0.000
COL4A4	0.011	0.008	0.003	0.000	-	-	6.50561158058473	0.018	0.013	0.005	0.000
COL11A2	0.013	0.013	0.000	0.000	-	-	6.4663252674817	0.018	0.016	0.003	0.000
LAMB2	0.008	0.008	0.000	0.000	-	-	6.44704551246644	0.013	0.013	0.000	0.000
MAP2K4	0.008	0.000	0.005	0.003	CC	PC	6.44132940686534	0.013	0.005	0.005	0.003
DRP2	0.008	0.000	0.000	0.008	-	-	6.36830556179329	0.016	0.005	0.000	0.011
GNAI2	0.005	0.003	0.003	0.000	-	-	6.34963658463898	0.005	0.003	0.003	0.000
PI4KA	0.011	0.003	0.000	0.008	-	-	6.33559485903221	0.011	0.003	0.000	0.008
GRIN2B	0.008	0.008	0.000	0.000	-	-	6.1827248306909	0.016	0.016	0.000	0.000
LYN	0.008	0.003	0.003	0.003	-	PC	6.17182533225377	0.013	0.005	0.003	0.005
SMARCC2	0.008	0.008	0.000	0.000	-	-	6.10858407257619	0.024	0.024	0.000	0.000
MAPK8	0.008	0.005	0.000	0.003	-	-	6.10826471132415	0.011	0.008	0.000	0.003
GLIS3	0.008	0.005	0.000	0.003	-	-	6.10693514227408	0.008	0.005	0.000	0.003
GAB2	0.018	0.016	0.000	0.003	-	-	6.09064130727745	0.021	0.016	0.000	0.005
GRB7	0.008	0.005	0.000	0.003	-	-	6.0805103935671	0.021	0.005	0.000	0.016
ITGAV	0.008	0.008	0.000	0.000	-	-	6.07877030052705	0.013	0.013	0.000	0.000
PIK3CB	0.011	0.008	0.000	0.003	-	PC	6.04395911517089	0.011	0.008	0.000	0.003
ITGB2	0.008	0.008	0.000	0.000	-	-	6.03415414955222	0.011	0.011	0.000	0.000
ITGB8	0.011	0.003	0.000	0.008	-	-	6.00613856666245	0.013	0.005	0.000	0.008
FYN	0.005	0.003	0.003	0.000	-	-	5.99695279152081	0.008	0.003	0.005	0.000
PLCD4	0.008	0.005	0.003	0.000	-	-	5.96530788129845	0.013	0.011	0.003	0.000
CDH23	0.024	0.021	0.000	0.003	-	-	5.94456418220217	0.034	0.032	0.000	0.003
TGFBR2	0.005	0.003	0.000	0.003	-	PC	5.92627504978555	0.011	0.008	0.000	0.003
LAMB4	0.008	0.008	0.000	0.000	-	-	5.90656762539432	0.013	0.011	0.000	0.003
MED13	0.011	0.011	0.000	0.000	-	PC	5.87496850833944	0.029	0.029	0.000	0.000
COL2A1	0.008	0.005	0.000	0.003	-	-	5.86971954087586	0.016	0.008	0.000	0.008
FGF17	0.005	0.003	0.003	0.000	-	-	5.84997828214071	0.021	0.003	0.018	0.000
LAMA5	0.013	0.013	0.000	0.000	-	-	5.84441555583033	0.024	0.024	0.000	0.000
CACNA1E	0.029	0.029	0.000	0.000	-	-	5.84125807144718	0.032	0.032	0.000	0.000
SMAD4	0.011	0.011	0.000	0.000	-	PC	5.8071771486239	0.013	0.013	0.000	0.000
EZH2	0.008	0.008	0.000	0.000	CC	PC	5.7901173107408	0.008	0.008	0.000	0.000
RBBP7	0.011	0.000	0.000	0.011	-	-	5.76940705390319	0.018	0.003	0.000	0.016
SP1	0.008	0.008	0.000	0.000	-	-	5.7652710644203	0.008	0.008	0.000	0.000
PLCB4	0.013	0.013	0.000	0.000	-	-	5.75516081562803	0.013	0.013	0.000	0.000
TJP2	0.013	0.013	0.000	0.000	-	PC	5.72950377332544	0.016	0.016	0.000	0.000
PCDHA10	0.013	0.013	0.000	0.000	-	-	5.72584958410837	0.042	0.024	0.018	0.000
RYR3	0.018	0.018	0.000	0.000	-	-	5.70896019415222	0.042	0.042	0.000	0.000
KDR	0.016	0.016	0.000	0.000	CC	-	5.68777248305864	0.029	0.029	0.000	0.000
RIPK2	0.008	0.000	0.000	0.008	-	-	5.67252616989791	0.018	0.008	0.000	0.011
BLK	0.011	0.003	0.008	0.000	-	-	5.65931222732994	0.024	0.003	0.021	0.000
PTK2	0.005	0.003	0.000	0.003	-	-	5.64418650985853	0.016	0.013	0.000	0.003
RHOBTB2	0.005	0.000	0.005	0.000	-	-	5.62766380813086	0.021	0.003	0.021	0.000
GLIS1	0.011	0.011	0.000	0.000	-	-	5.60420431481193	0.013	0.013	0.000	0.000
F11R	0.011	0.000	0.000	0.011	-	-	5.59223559170234	0.037	0.003	0.000	0.034
COL4A2	0.008	0.008	0.000	0.000	-	-	5.58874689519809	0.018	0.018	0.000	0.000
ACTN2	0.005	0.005	0.000	0.000	-	-	5.57669550307626	0.008	0.008	0.000	0.000
HDAC2	0.008	0.005	0.003	0.000	-	-	5.56932574443077	0.013	0.008	0.005	0.000
TIAM1	0.005	0.005	0.000	0.000	-	-	5.55865313335818	0.018	0.018	0.000	0.000
SMAD3	0.011	0.011	0.000	0.000	-	-	5.53844963541334	0.013	0.013	0.000	0.000
CDK4	0.005	0.003	0.000	0.003	CC	-	5.45882163435734	0.005	0.003	0.000	0.003
LAMC3	0.008	0.008	0.000	0.000	-	-	5.36180487183277	0.013	0.013	0.000	0.000
LATS1	0.008	0.005	0.003	0.000	-	-	5.34252631259316	0.011	0.008	0.003	0.000
TLN1	0.008	0.005	0.000	0.003	-	-	5.30795375658475	0.011	0.008	0.000	0.003
PGR	0.008	0.003	0.000	0.005	-	-	5.29561390891612	0.016	0.005	0.003	0.008
PAX6	0.005	0.000	0.000	0.005	-	-	5.27582272361965	0.005	0.000	0.000	0.005
FAT2	0.032	0.032	0.000	0.000	-	-	5.21326405036774	0.040	0.040	0.000	0.000
ARVCF	0.011	0.008	0.000	0.003	-	-	5.18775629314166	0.026	0.021	0.000	0.008
ITGA10	0.008	0.003	0.000	0.005	-	-	5.14874078882778	0.018	0.005	0.000	0.013
FGF9	0.005	0.005	0.000	0.000	-	-	5.10037476061705	0.005	0.005	0.000	0.000
CNOT7	0.003	0.000	0.003	0.000	-	-	5.00640085395504	0.018	0.003	0.016	0.000
IL2RG	0.008	0.005	0.000	0.003	-	-	4.99736943006053	0.008	0.005	0.000	0.003
TRPM2	0.011	0.011	0.000	0.000	-	-	4.9937860185892	0.021	0.021	0.000	0.000
ZYX	0.005	0.003	0.000	0.003	-	-	4.97119281951732	0.005	0.003	0.000	0.003
KCNQ5	0.013	0.013	0.000	0.000	-	-	4.95321276824481	0.018	0.018	0.000	0.000
FANCG	0.005	0.003	0.000	0.003	CC	-	4.93953511162997	0.008	0.005	0.000	0.003
PRKG1	0.005	0.005	0.000	0.000	-	-	4.93713762969985	0.005	0.005	0.000	0.000
MED1	0.011	0.011	0.000	0.000	-	-	4.92957870437747	0.026	0.024	0.000	0.003
MLLT4	0.005	0.005	0.000	0.000	CC	PC	4.90454630651615	0.008	0.008	0.000	0.000
PLCE1	0.011	0.011	0.000	0.000	-	-	4.90449467069244	0.011	0.011	0.000	0.000
TCAP	0.008	0.005	0.000	0.003	-	-	4.8889970214543	0.021	0.008	0.000	0.013
NOTCH4	0.011	0.011	0.000	0.000	-	-	4.86537084325414	0.016	0.016	0.000	0.000
EGF	0.008	0.008	0.000	0.000	-	-	4.84972902125439	0.011	0.011	0.000	0.000
MAPK10	0.005	0.003	0.000	0.003	-	-	4.8152817015497	0.005	0.003	0.000	0.003
E2F1	0.005	0.000	0.000	0.005	-	-	4.76129256604845	0.008	0.003	0.000	0.005
FIGF	0.011	0.003	0.000	0.008	-	-	4.64685978241675	0.013	0.003	0.000	0.011
PLCB3	0.005	0.005	0.000	0.000	-	-	4.63852692922843	0.013	0.013	0.000	0.000
PRKCZ	0.003	0.003	0.000	0.000	-	-	4.61998653554224	0.011	0.011	0.000	0.000
COL14A1	0.003	0.000	0.000	0.003	-	-	4.61998653554224	0.024	0.016	0.000	0.008
ASH2L	0.003	0.000	0.000	0.003	-	-	4.61998653554224	0.021	0.003	0.008	0.011
E2F3	0.011	0.005	0.000	0.008	-	-	4.60492889759908	0.053	0.008	0.000	0.047
KCNQ2	0.005	0.005	0.000	0.000	-	-	4.57851059558506	0.008	0.008	0.000	0.000
FAT1	0.032	0.032	0.000	0.000	-	-	4.55370085126948	0.042	0.042	0.000	0.000
PIK3C2B	0.011	0.011	0.000	0.000	-	-	4.53262545499618	0.018	0.018	0.000	0.000
PSEN1	0.005	0.005	0.000	0.000	-	PC	4.50061597790345	0.013	0.011	0.000	0.003
PAK7	0.003	0.003	0.000	0.000	-	-	4.46516060511182	0.005	0.005	0.000	0.000
SPTA1	0.026	0.024	0.000	0.003	-	-	4.45935624386499	0.061	0.055	0.000	0.005
TRPC1	0.005	0.003	0.000	0.003	-	-	4.43174580539143	0.008	0.005	0.000	0.003
ADAM9	0.008	0.005	0.000	0.003	-	-	4.41287434327785	0.037	0.011	0.005	0.021
HNRNPA2B1	0.008	0.003	0.000	0.005	CC	-	4.41215823101353	0.011	0.005	0.000	0.005
PIK3R2	0.005	0.005	0.000	0.000	-	-	4.39933714218212	0.008	0.008	0.000	0.000
ETS1	0.005	0.005	0.000	0.000	-	-	4.36644331231783	0.005	0.005	0.000	0.000
PTPRB	0.013	0.008	0.000	0.005	-	-	4.34445089757198	0.026	0.016	0.000	0.011
MYL1	0.005	0.003	0.003	0.000	-	-	4.32126475867249	0.005	0.003	0.003	0.000
MITF	0.005	0.000	0.003	0.003	CC	-	4.31306764561166	0.008	0.003	0.003	0.003
MET	0.005	0.005	0.000	0.000	CC	-	4.31188489708904	0.013	0.013	0.000	0.000
ITGA2B	0.013	0.013	0.000	0.000	-	-	4.27571408383228	0.024	0.024	0.000	0.000
MAP2K7	0.003	0.000	0.000	0.003	-	-	4.26354146182705	0.013	0.011	0.000	0.003
CNTN2	0.005	0.003	0.000	0.003	-	-	4.25356836254204	0.005	0.003	0.000	0.003
SHC1	0.011	0.005	0.000	0.005	-	-	4.24827981442021	0.011	0.005	0.000	0.005
COL1A2	0.008	0.005	0.000	0.003	-	-	4.21046502024942	0.008	0.005	0.000	0.003
ACTC1	0.011	0.011	0.000	0.000	-	-	4.20740005713392	0.011	0.011	0.000	0.000
SEMA6C	0.005	0.005	0.000	0.000	-	-	4.20072483149295	0.024	0.013	0.000	0.011
RHOD	0.003	0.000	0.000	0.003	-	-	4.18776391965129	0.005	0.003	0.000	0.003
BARD1	0.005	0.003	0.003	0.000	-	PC	4.18340582869951	0.011	0.008	0.003	0.000
MED14	0.005	0.000	0.000	0.005	-	-	4.15000760932359	0.011	0.003	0.000	0.008
SLC25A6	0.005	0.000	0.000	0.005	-	-	4.14714446051984	0.021	0.003	0.000	0.018
STK4	0.005	0.000	0.000	0.005	-	-	4.14138654864491	0.021	0.013	0.000	0.008
AGRN	0.005	0.005	0.000	0.000	-	-	4.14041266221326	0.011	0.011	0.000	0.000
SUV39H1	0.003	0.000	0.000	0.003	-	-	4.13189869720354	0.008	0.000	0.000	0.008
SMPD2	0.003	0.000	0.003	0.000	-	-	4.13189869720354	0.011	0.005	0.005	0.000
SMC1A	0.003	0.000	0.000	0.003	-	PC	4.13189869720354	0.008	0.005	0.000	0.003
GATA1	0.003	0.000	0.000	0.003	CC	-	4.13189869720354	0.011	0.003	0.000	0.008
CDV3	0.003	0.003	0.000	0.000	-	-	4.13189869720354	0.003	0.003	0.000	0.000
NOS1	0.011	0.008	0.000	0.003	-	-	4.11352771171109	0.018	0.016	0.000	0.003
CALML6	0.005	0.005	0.000	0.000	-	-	4.10056753310489	0.005	0.005	0.000	0.000
PLD2	0.003	0.003	0.000	0.000	-	-	4.09587162172187	0.003	0.003	0.000	0.000
COL12A1	0.011	0.011	0.000	0.000	-	-	4.08729616391654	0.021	0.021	0.000	0.000
EPHB2	0.011	0.011	0.000	0.000	-	-	4.072026521524	0.016	0.013	0.000	0.003
PGM1	0.005	0.005	0.000	0.000	-	-	4.0432067285906	0.008	0.005	0.000	0.003
CDH16	0.005	0.005	0.000	0.000	-	-	4.03771942871692	0.024	0.024	0.000	0.000
TFAP2A	0.005	0.005	0.000	0.000	-	-	4.02239658350088	0.011	0.008	0.003	0.000
MED15	0.003	0.003	0.000	0.000	-	-	4.00916602260826	0.037	0.029	0.000	0.008
NFATC2	0.005	0.005	0.000	0.000	-	-	4.00613634171617	0.016	0.016	0.000	0.000
AXIN2	0.011	0.011	0.000	0.000	-	PC	3.99014040170247	0.016	0.016	0.000	0.000
XRCC5	0.003	0.000	0.003	0.000	-	-	3.98569922078784	0.005	0.003	0.003	0.000
S100A1	0.003	0.000	0.000	0.003	-	-	3.98569922078784	0.005	0.000	0.000	0.005
INPP5B	0.003	0.003	0.000	0.000	-	-	3.97043969646921	0.005	0.005	0.000	0.000
ITPR1	0.005	0.005	0.000	0.000	-	-	3.96959005373025	0.018	0.018	0.000	0.000
DCHS1	0.011	0.011	0.000	0.000	-	-	3.93139928305579	0.024	0.024	0.000	0.000
COL27A1	0.008	0.008	0.000	0.000	-	-	3.92897586487464	0.026	0.026	0.000	0.000
ITGA9	0.008	0.008	0.000	0.000	-	-	3.91861417565726	0.016	0.013	0.000	0.003
VEGFB	0.003	0.003	0.000	0.000	-	-	3.82826465843111	0.005	0.005	0.000	0.000
PPP3CA	0.005	0.005	0.000	0.000	-	-	3.81146321123978	0.011	0.011	0.000	0.000
PAK4	0.008	0.003	0.000	0.005	-	-	3.80562687938798	0.008	0.003	0.000	0.005
MAPK3	0.005	0.003	0.000	0.003	-	-	3.80459061027642	0.011	0.008	0.000	0.003
IL6ST	0.005	0.000	0.005	0.000	CC	-	3.79480525869167	0.018	0.011	0.008	0.000
NGF	0.008	0.005	0.000	0.003	-	-	3.78636895896042	0.008	0.005	0.000	0.003
SEMA3F	0.003	0.003	0.000	0.000	-	-	3.78486896236689	0.013	0.011	0.003	0.000
RUVBL1	0.003	0.003	0.000	0.000	-	-	3.78486896236689	0.011	0.008	0.000	0.003
FCER1G	0.003	0.000	0.000	0.003	-	-	3.78486896236689	0.029	0.000	0.000	0.029
CD247	0.003	0.000	0.000	0.003	-	-	3.78486896236689	0.011	0.003	0.000	0.011
ARHGEF7	0.003	0.003	0.000	0.000	-	-	3.78486896236689	0.005	0.005	0.000	0.000
RPS6KA1	0.005	0.005	0.000	0.000	-	-	3.74304742487646	0.005	0.005	0.000	0.000
RPS27A	0.005	0.005	0.000	0.000	-	-	3.73615088679648	0.008	0.008	0.000	0.000
PIK3C3	0.008	0.008	0.000	0.000	-	-	3.73261577150806	0.013	0.013	0.000	0.000
RPS6KA3	0.008	0.003	0.000	0.005	-	-	3.72996181237363	0.016	0.005	0.000	0.011
SMARCA5	0.013	0.011	0.000	0.003	-	-	3.72439126024476	0.016	0.011	0.000	0.005
ITGAM	0.011	0.011	0.000	0.000	-	-	3.68042097978257	0.013	0.013	0.000	0.000
PDGFRB	0.005	0.005	0.000	0.000	CC	-	3.67418564332925	0.011	0.011	0.000	0.000
PI4KB	0.008	0.005	0.000	0.003	-	-	3.60095590520403	0.024	0.013	0.000	0.011
SNW1	0.005	0.005	0.000	0.000	-	-	3.59866516334508	0.008	0.008	0.000	0.000
APBA1	0.005	0.005	0.000	0.000	-	-	3.59367255209895	0.008	0.008	0.000	0.000
F11	0.008	0.008	0.000	0.000	-	-	3.5782149401122	0.013	0.011	0.003	0.000
CGN	0.005	0.003	0.000	0.003	-	-	3.5686543413557	0.024	0.011	0.000	0.013
STAT3	0.013	0.013	0.000	0.000	-	PC	3.55496647883913	0.016	0.016	0.000	0.000
NCOA6	0.008	0.005	0.000	0.003	-	-	3.54677303534888	0.024	0.016	0.000	0.008
GRIA1	0.011	0.011	0.000	0.000	-	-	3.53777576746192	0.018	0.018	0.000	0.000
SMAD2	0.005	0.005	0.000	0.000	-	PC	3.51432693217159	0.008	0.008	0.000	0.000
TRAF2	0.005	0.005	0.000	0.000	-	-	3.49789052378337	0.011	0.011	0.000	0.000
KCNJ2	0.005	0.005	0.000	0.000	-	-	3.42817324312117	0.013	0.013	0.000	0.000
MUSK	0.003	0.003	0.000	0.000	-	-	3.42376955094462	0.011	0.011	0.000	0.000
TGIF1	0.003	0.000	0.000	0.003	-	PC	3.3958608110672	0.003	0.000	0.000	0.003
COL18A1	0.011	0.011	0.000	0.000	-	PC	3.39214094435937	0.024	0.024	0.000	0.000
SMARCC1	0.005	0.005	0.000	0.000	-	-	3.34478832831066	0.013	0.013	0.000	0.000
TRRAP	0.008	0.005	0.000	0.003	-	-	3.32787844778245	0.029	0.026	0.000	0.003
ROCK2	0.008	0.005	0.000	0.003	-	-	3.31087615926905	0.018	0.016	0.000	0.003
PPP3CB	0.005	0.005	0.000	0.000	-	-	3.30631028353341	0.013	0.011	0.000	0.003
RELN	0.013	0.013	0.000	0.000	-	-	3.29594666637024	0.040	0.040	0.000	0.000
LAMC2	0.005	0.005	0.000	0.000	-	-	3.28942105991742	0.005	0.005	0.000	0.000
NCAM1	0.008	0.008	0.000	0.000	-	-	3.28634645623038	0.013	0.011	0.003	0.000
PCDHA12	0.016	0.016	0.000	0.000	-	-	3.26354092552341	0.018	0.018	0.000	0.000
COL22A1	0.011	0.011	0.000	0.000	-	-	3.24739340219394	0.024	0.021	0.000	0.003
GIT1	0.005	0.000	0.000	0.005	-	-	3.23165716202537	0.013	0.005	0.000	0.008
MEF2C	0.008	0.005	0.003	0.000	-	-	3.16712715312788	0.013	0.011	0.003	0.000
HDAC5	0.003	0.003	0.000	0.000	-	-	3.16432315051053	0.011	0.011	0.000	0.000
RANBP2	0.008	0.008	0.000	0.000	-	PC	3.1573012095463	0.024	0.024	0.000	0.000
FOS	0.005	0.005	0.000	0.000	-	-	3.1549479832473	0.005	0.005	0.000	0.000
TGFBR1	0.008	0.005	0.003	0.000	-	-	3.12586725592766	0.008	0.005	0.003	0.000
SRPX	0.003	0.000	0.000	0.003	-	-	3.12083997969596	0.021	0.008	0.000	0.013
ADAM10	0.005	0.005	0.000	0.000	-	PC	3.10639662824348	0.011	0.011	0.000	0.000
UNC5B	0.003	0.003	0.000	0.000	-	-	3.09758785018274	0.016	0.013	0.000	0.003
ITGAE	0.003	0.003	0.000	0.000	-	-	3.09758785018274	0.008	0.008	0.000	0.000
ITGBL1	0.008	0.008	0.000	0.000	-	-	3.09716139991925	0.011	0.011	0.000	0.000
TRPC6	0.011	0.008	0.000	0.005	-	-	3.07556796371734	0.024	0.018	0.003	0.005
MEIS1	0.005	0.005	0.000	0.000	-	-	3.06385118566499	0.005	0.005	0.000	0.000
ITGA2	0.008	0.005	0.003	0.000	-	-	3.0578814174105	0.013	0.011	0.003	0.000
ROBO4	0.005	0.005	0.000	0.000	-	-	3.05186820103791	0.018	0.018	0.000	0.000
DTNA	0.008	0.008	0.000	0.000	-	-	3.02832414019192	0.011	0.011	0.000	0.000
MAP3K5	0.003	0.003	0.000	0.000	-	-	3.01665132257087	0.011	0.011	0.000	0.000
CIC	0.003	0.003	0.000	0.000	CC	PC	3.01665132257087	0.008	0.008	0.000	0.000
PCDHGB1	0.005	0.005	0.000	0.000	-	-	3.01571353898047	0.008	0.008	0.000	0.000
RASGRF1	0.008	0.008	0.000	0.000	-	-	3.01032260065374	0.011	0.011	0.000	0.000
SMARCA1	0.016	0.016	0.000	0.000	-	-	2.97245674390178	0.016	0.016	0.000	0.000
RFX6	0.008	0.005	0.003	0.000	-	-	2.96028382775708	0.013	0.011	0.003	0.000
GNGT1	0.005	0.003	0.000	0.003	-	-	2.95904463584163	0.005	0.003	0.000	0.003
SEMA6A	0.008	0.003	0.003	0.003	-	-	2.94367687618338	0.011	0.003	0.003	0.005
MYOM1	0.005	0.005	0.000	0.000	-	-	2.93826445289953	0.024	0.021	0.000	0.003
COL19A1	0.005	0.005	0.000	0.000	-	-	2.93784851433081	0.024	0.024	0.000	0.000
TRIM33	0.005	0.005	0.000	0.000	CC	-	2.92694087919308	0.011	0.011	0.000	0.000
CDH3	0.013	0.011	0.003	0.000	-	-	2.92562046741406	0.013	0.011	0.003	0.000
MYOD1	0.003	0.003	0.000	0.000	-	-	2.91973789749098	0.003	0.003	0.000	0.000
KCNA6	0.003	0.003	0.000	0.000	-	-	2.91973789749098	0.011	0.011	0.000	0.000
CHRM1	0.003	0.003	0.000	0.000	-	-	2.91973789749098	0.003	0.003	0.000	0.000
CCNK	0.003	0.003	0.000	0.000	-	-	2.91973789749098	0.008	0.005	0.003	0.000
TBX5	0.011	0.011	0.000	0.000	-	-	2.91590187576068	0.018	0.016	0.000	0.003
FBN2	0.005	0.005	0.000	0.000	-	PC	2.90919748981341	0.029	0.029	0.000	0.000
PLXNB2	0.005	0.003	0.003	0.000	-	-	2.90330137029748	0.026	0.024	0.003	0.000
PRKCB	0.008	0.008	0.000	0.000	-	-	2.8963890483071	0.011	0.011	0.000	0.000
NTRK1	0.005	0.005	0.000	0.000	CC	-	2.89528204825042	0.018	0.018	0.000	0.000
MAP3K1	0.005	0.003	0.003	0.000	-	PC	2.89125758171526	0.011	0.008	0.003	0.000
RELA	0.008	0.008	0.000	0.000	-	-	2.89116882745892	0.011	0.011	0.000	0.000
UBTF	0.003	0.003	0.000	0.000	-	-	2.89052202632594	0.018	0.018	0.000	0.000
PCNA	0.003	0.003	0.000	0.000	-	-	2.8896658012191	0.003	0.003	0.000	0.000
MALT1	0.003	0.003	0.000	0.000	CC	-	2.8896658012191	0.016	0.013	0.000	0.003
RRM2	0.003	0.000	0.000	0.003	-	-	2.85527768639868	0.008	0.005	0.000	0.003
GNB5	0.003	0.000	0.000	0.003	-	-	2.85527768639868	0.011	0.008	0.000	0.003
FANCD2	0.003	0.000	0.000	0.003	CC	-	2.85527768639868	0.029	0.021	0.000	0.008
IL2RB	0.003	0.003	0.000	0.000	-	-	2.84748080136504	0.005	0.005	0.000	0.000
NCK1	0.005	0.003	0.000	0.003	-	-	2.82325917571367	0.005	0.003	0.000	0.003
ZBTB43	0.003	0.003	0.000	0.000	-	-	2.81838211240984	0.003	0.003	0.000	0.000
LAMB3	0.008	0.005	0.003	0.000	-	-	2.81828233108711	0.013	0.011	0.003	0.000
PCDHAC1	0.008	0.008	0.000	0.000	-	-	2.81434545733744	0.013	0.013	0.000	0.000
ROBO2	0.013	0.013	0.000	0.000	-	-	2.79820690576379	0.024	0.021	0.003	0.000
PLAT	0.005	0.005	0.000	0.000	-	-	2.7656701355787	0.016	0.008	0.000	0.008
MAP2K1	0.003	0.003	0.000	0.000	-	-	2.7614114233476	0.003	0.003	0.000	0.000
LHX9	0.003	0.003	0.000	0.000	-	-	2.7614114233476	0.003	0.003	0.000	0.000
BIRC3	0.003	0.000	0.000	0.003	CC	-	2.7614114233476	0.016	0.003	0.003	0.011
FLT1	0.008	0.008	0.000	0.000	-	-	2.75595990469412	0.008	0.008	0.000	0.000
PIK3R1	0.005	0.005	0.000	0.000	CC	PC	2.74662316485968	0.008	0.008	0.000	0.000
AKT1	0.005	0.003	0.003	0.000	CC	PC	2.74444841645062	0.005	0.003	0.003	0.000
SHB	0.003	0.003	0.000	0.000	-	-	2.71844647787288	0.005	0.005	0.000	0.000
PYGO2	0.005	0.005	0.000	0.000	-	-	2.71182739608975	0.011	0.005	0.000	0.005
HOXB9	0.003	0.003	0.000	0.000	-	-	2.70449675134377	0.003	0.003	0.000	0.000
BTK	0.003	0.000	0.000	0.003	-	-	2.70449675134377	0.018	0.011	0.000	0.008
NCAM2	0.008	0.008	0.000	0.000	-	-	2.70277669692458	0.016	0.016	0.000	0.000
VDR	0.003	0.000	0.000	0.003	-	-	2.68719140049293	0.008	0.003	0.000	0.005
RFX3	0.003	0.003	0.000	0.000	-	-	2.68719140049293	0.013	0.011	0.000	0.003
PEBP1	0.003	0.000	0.000	0.003	-	-	2.68719140049293	0.003	0.000	0.000	0.003
FLNB	0.003	0.003	0.000	0.000	-	-	2.68719140049293	0.013	0.013	0.000	0.000
CTCFL	0.003	0.003	0.000	0.000	-	-	2.68719140049293	0.008	0.008	0.000	0.000
MAPK9	0.005	0.005	0.000	0.000	-	-	2.67856577010528	0.013	0.013	0.000	0.000
SOS2	0.003	0.003	0.000	0.000	-	-	2.66898733213908	0.011	0.011	0.000	0.000
FOXA2	0.008	0.008	0.000	0.000	-	PC	2.65105368858432	0.008	0.008	0.000	0.000
DAPK1	0.005	0.005	0.000	0.000	-	-	2.65102093012621	0.021	0.021	0.000	0.000
PYGO1	0.008	0.008	0.000	0.000	-	-	2.65066526411231	0.008	0.008	0.000	0.000
PDZD2	0.013	0.013	0.000	0.000	-	-	2.63570773539169	0.042	0.040	0.000	0.003
MSC	0.003	0.000	0.000	0.003	-	-	2.62753518728766	0.011	0.005	0.000	0.005
INPPL1	0.008	0.008	0.000	0.000	-	-	2.62216952642336	0.013	0.008	0.000	0.005
COPS2	0.005	0.005	0.000	0.000	-	-	2.61188230904117	0.011	0.011	0.000	0.000
ADAM12	0.003	0.003	0.000	0.000	-	-	2.61101784159024	0.005	0.005	0.000	0.000
OTX2	0.005	0.005	0.000	0.000	-	-	2.59438327327038	0.005	0.005	0.000	0.000
PCDHA9	0.029	0.016	0.013	0.000	-	-	2.5851625791681	0.040	0.024	0.016	0.000
ITGA4	0.005	0.005	0.000	0.000	-	-	2.57360330806307	0.016	0.016	0.000	0.000
SP3	0.008	0.008	0.000	0.000	-	-	2.56684156629804	0.008	0.008	0.000	0.000
TBX2	0.003	0.003	0.000	0.000	-	-	2.56593317784733	0.008	0.008	0.000	0.000
IL2RA	0.003	0.000	0.000	0.003	-	-	2.56593317784733	0.011	0.003	0.000	0.008
IL15RA	0.003	0.000	0.000	0.003	-	-	2.56593317784733	0.008	0.000	0.000	0.008
CTSS	0.003	0.000	0.000	0.003	-	-	2.56593317784733	0.021	0.003	0.000	0.018
EZR	0.003	0.003	0.000	0.000	CC	-	2.5626468777557	0.013	0.013	0.000	0.000
CALM1	0.003	0.000	0.003	0.000	-	-	2.54835951608361	0.005	0.003	0.003	0.000
SMARCE1	0.008	0.008	0.000	0.000	-	-	2.54317802394852	0.011	0.011	0.000	0.000
JAG1	0.008	0.008	0.000	0.000	-	-	2.54003275381335	0.011	0.011	0.000	0.000
SIX2	0.005	0.005	0.000	0.000	-	-	2.52494877848434	0.008	0.008	0.000	0.000
ZMYM2	0.003	0.003	0.000	0.000	-	PC	2.52365651565833	0.008	0.008	0.000	0.000
NR4A2	0.003	0.003	0.000	0.000	-	PC	2.52365651565833	0.005	0.005	0.000	0.000
FURIN	0.003	0.003	0.000	0.000	-	-	2.52365651565833	0.005	0.005	0.000	0.000
FGF8	0.003	0.003	0.000	0.000	-	-	2.52365651565833	0.005	0.005	0.000	0.000
BRCA2	0.016	0.013	0.003	0.000	CC	PC	2.51865543945305	0.047	0.042	0.005	0.000
TNS1	0.021	0.021	0.000	0.000	-	-	2.51811949473083	0.037	0.034	0.003	0.000
MLLT6	0.008	0.005	0.000	0.003	CC	-	2.51538288778198	0.021	0.016	0.000	0.005
CBL	0.005	0.005	0.000	0.000	CC	-	2.51500759103789	0.008	0.008	0.000	0.000
SMURF1	0.003	0.003	0.000	0.000	-	-	2.50059424287288	0.011	0.008	0.000	0.003
LHX2	0.003	0.003	0.000	0.000	-	-	2.50059424287288	0.005	0.005	0.000	0.000
CARD11	0.003	0.003	0.000	0.000	CC	-	2.50059424287288	0.011	0.011	0.000	0.000
RIPK1	0.005	0.005	0.000	0.000	-	-	2.4945572184518	0.008	0.008	0.000	0.000
CDK6	0.005	0.003	0.000	0.003	CC	-	2.49112378206707	0.005	0.003	0.000	0.003
RASGRP4	0.003	0.000	0.000	0.003	-	-	2.4830161266242	0.003	0.000	0.000	0.003
FGA	0.008	0.008	0.000	0.000	-	-	2.46250237214714	0.024	0.024	0.000	0.000
NOTCH2NL	0.008	0.008	0.000	0.000	-	-	2.45575024333901	0.016	0.011	0.000	0.005
RUVBL2	0.005	0.005	0.000	0.000	-	-	2.44935161525515	0.005	0.005	0.000	0.000
ARID1B	0.008	0.008	0.000	0.000	-	-	2.4402102136918	0.018	0.018	0.000	0.000
SP100	0.003	0.003	0.000	0.000	-	-	2.4369127591241	0.026	0.021	0.005	0.000
PMP22	0.003	0.003	0.000	0.000	-	-	2.4369127591241	0.008	0.005	0.003	0.000
MPP1	0.003	0.003	0.000	0.000	-	-	2.4369127591241	0.003	0.003	0.000	0.000
RBL2	0.005	0.005	0.000	0.000	-	-	2.42493429470171	0.011	0.011	0.000	0.000
RORA	0.003	0.003	0.000	0.000	-	-	2.41570156499149	0.003	0.003	0.000	0.000
A2M	0.003	0.003	0.000	0.000	-	-	2.41570156499149	0.021	0.021	0.000	0.000
ITGB1	0.003	0.003	0.000	0.000	-	-	2.41076261311653	0.003	0.003	0.000	0.000
CNOT1	0.011	0.011	0.000	0.000	-	-	2.40772418975257	0.024	0.024	0.000	0.000
POLR3B	0.005	0.005	0.000	0.000	-	-	2.39572002944449	0.018	0.018	0.000	0.000
STAT4	0.011	0.011	0.000	0.000	-	-	2.39027227292676	0.013	0.011	0.003	0.000
USP33	0.003	0.000	0.000	0.003	-	-	2.39002662955451	0.011	0.008	0.000	0.003
FAS	0.008	0.003	0.005	0.000	-	-	2.38350852429243	0.016	0.003	0.013	0.000
CBX4	0.005	0.005	0.000	0.000	-	-	2.38117888498376	0.013	0.013	0.000	0.000
ADRBK1	0.003	0.003	0.000	0.000	-	-	2.38088979085782	0.003	0.003	0.000	0.000
RECQL4	0.005	0.005	0.000	0.000	CC	-	2.37674020403762	0.013	0.011	0.000	0.003
POU2F2	0.003	0.003	0.000	0.000	-	-	2.34672120545687	0.003	0.003	0.000	0.000
MDC1	0.003	0.003	0.000	0.000	-	PC	2.34672120545687	0.029	0.026	0.000	0.003
ACTN3	0.003	0.003	0.000	0.000	-	-	2.34672120545687	0.005	0.005	0.000	0.000
SSH3	0.003	0.003	0.000	0.000	-	-	2.33093215770551	0.013	0.011	0.000	0.003
SNTA1	0.003	0.003	0.000	0.000	-	-	2.29910986122158	0.011	0.003	0.000	0.008
MAPK11	0.005	0.003	0.003	0.000	-	-	2.29060543532653	0.008	0.005	0.003	0.000
GNAO1	0.005	0.005	0.000	0.000	-	-	2.28769396181601	0.008	0.008	0.000	0.000
ASH1L	0.005	0.005	0.000	0.000	-	-	2.28583579118451	0.042	0.040	0.000	0.003
RACGAP1	0.003	0.003	0.000	0.000	-	-	2.28035764616935	0.005	0.005	0.000	0.000
MYST3	0.003	0.003	0.000	0.000	-	-	2.28035764616935	0.018	0.016	0.000	0.005
CDYL	0.003	0.003	0.000	0.000	-	-	2.28035764616935	0.011	0.011	0.000	0.000
SERPINB8	0.003	0.003	0.000	0.000	-	-	2.27715059767712	0.008	0.008	0.000	0.000
GPC1	0.003	0.003	0.000	0.000	-	-	2.27715059767712	0.005	0.005	0.000	0.000
L1CAM	0.008	0.008	0.000	0.000	-	-	2.27159495794105	0.013	0.013	0.000	0.000
COL9A2	0.005	0.003	0.000	0.003	-	-	2.26002000523433	0.013	0.008	0.000	0.005
MYH6	0.011	0.011	0.000	0.000	-	-	2.24605011117559	0.018	0.018	0.000	0.000
CTNNA3	0.005	0.005	0.000	0.000	-	-	2.24119302308783	0.011	0.011	0.000	0.000
RBPJL	0.011	0.008	0.000	0.003	-	-	2.23444382356725	0.013	0.008	0.000	0.005
HIPK3	0.005	0.003	0.000	0.003	-	-	2.23333425042291	0.018	0.016	0.000	0.003
SMARCA2	0.003	0.003	0.000	0.000	-	-	2.2275029360132	0.029	0.026	0.000	0.003
HIF1A	0.003	0.003	0.000	0.000	-	-	2.2275029360132	0.003	0.003	0.000	0.000
KRT15	0.005	0.005	0.000	0.000	-	-	2.22047301243531	0.013	0.013	0.000	0.000
FGF10	0.005	0.003	0.000	0.003	-	-	2.22006935690552	0.008	0.005	0.000	0.003
CHAF1A	0.003	0.003	0.000	0.000	-	-	2.2149498857158	0.013	0.013	0.000	0.000
FLNA	0.008	0.005	0.000	0.005	-	-	2.14182878025922	0.018	0.013	0.000	0.008
SSH2	0.005	0.003	0.000	0.003	-	-	2.13620937451326	0.029	0.024	0.000	0.005
MMP9	0.005	0.003	0.000	0.003	-	-	2.12352591283859	0.013	0.011	0.000	0.003
PLCD3	0.005	0.005	0.000	0.000	-	-	2.10853100256882	0.005	0.005	0.000	0.000
COL4A5	0.003	0.003	0.000	0.000	-	-	2.10817926741725	0.013	0.008	0.005	0.000
VAMP3	0.003	0.000	0.003	0.000	-	-	2.08372343804618	0.003	0.000	0.003	0.000
NOS2	0.003	0.003	0.000	0.000	-	-	2.08372343804618	0.016	0.016	0.000	0.000
HLA-DRB1	0.003	0.000	0.000	0.003	-	-	2.08372343804618	0.106	0.005	0.011	0.092
FHL1	0.003	0.003	0.000	0.000	-	-	2.08372343804618	0.005	0.003	0.000	0.003
PIP4K2B	0.003	0.000	0.000	0.003	-	-	2.06217424696314	0.005	0.003	0.000	0.003
CTBP2	0.003	0.003	0.000	0.000	-	-	2.06217424696314	0.005	0.005	0.000	0.000
TNKS	0.021	0.011	0.011	0.000	-	-	2.04059136952812	0.029	0.013	0.016	0.000
MCM4	0.005	0.003	0.000	0.003	-	-	2.03708676621891	0.024	0.016	0.003	0.005
BRCA1	0.005	0.005	0.000	0.000	CC	PC	2.02674436853975	0.011	0.011	0.000	0.000
ZNF10	0.003	0.003	0.000	0.000	-	-	2.02556190413694	0.008	0.008	0.000	0.000
GATAD2A	0.003	0.003	0.000	0.000	-	-	2.02556190413694	0.003	0.003	0.000	0.000
ADAMTS2	0.003	0.003	0.000	0.000	-	-	2.02556190413694	0.018	0.018	0.000	0.000
CDH5	0.005	0.005	0.000	0.000	-	-	2.0252971090214	0.018	0.018	0.000	0.000
EFEMP1	0.005	0.005	0.000	0.000	-	-	2.022828198824	0.011	0.011	0.000	0.000
STAT6	0.008	0.008	0.000	0.000	-	-	2.0218127120365	0.013	0.013	0.000	0.000
TGFB1	0.003	0.003	0.000	0.000	-	-	2.0217136237096	0.005	0.003	0.000	0.003
CEBPD	0.003	0.000	0.000	0.003	-	-	2.0217136237096	0.008	0.000	0.003	0.005
PIK3C2G	0.005	0.005	0.000	0.000	-	-	2.01955890018605	0.008	0.008	0.000	0.000
ERCC2	0.005	0.005	0.000	0.000	CC	PC	2.01724112758261	0.050	0.047	0.000	0.003
TNFAIP3	0.003	0.003	0.000	0.000	CC	-	2.00415031201389	0.005	0.005	0.000	0.000
PROS1	0.003	0.003	0.000	0.000	-	-	2.00415031201389	0.016	0.016	0.000	0.000
HOXC11	0.003	0.003	0.000	0.000	CC	-	2.00415031201389	0.008	0.005	0.000	0.003
GNAZ	0.003	0.003	0.000	0.000	-	-	2.00415031201389	0.011	0.005	0.000	0.005
SPP1	0.003	0.000	0.000	0.003	-	-	1.99689958913985	0.005	0.003	0.000	0.003
ATN1	0.003	0.003	0.000	0.000	-	-	1.99036618622009	0.008	0.008	0.000	0.000
ABCC8	0.005	0.005	0.000	0.000	-	-	1.9781147898229	0.013	0.013	0.000	0.000
SVEP1	0.018	0.018	0.000	0.000	-	-	1.95594958824489	0.032	0.032	0.000	0.000
PRKCA	0.008	0.008	0.000	0.000	-	-	1.95407251922313	0.008	0.008	0.000	0.000
BMX	0.013	0.008	0.000	0.005	-	-	1.9294880776905	0.029	0.016	0.000	0.013
PRKCG	0.005	0.005	0.000	0.000	-	-	1.92509615494327	0.008	0.008	0.000	0.000
MLL	0.011	0.011	0.000	0.000	CC	PC	1.91807152782141	0.047	0.047	0.000	0.000
SEMA3A	0.003	0.003	0.000	0.000	-	-	1.8990329449051	0.018	0.018	0.000	0.000
PBX2	0.005	0.005	0.000	0.000	-	-	1.89290596260306	0.013	0.013	0.000	0.000
GABBR1	0.003	0.003	0.000	0.000	-	-	1.89274898292634	0.005	0.005	0.000	0.000
KCNH5	0.005	0.005	0.000	0.000	-	-	1.88698507754164	0.018	0.018	0.000	0.000
MED24	0.003	0.003	0.000	0.000	-	-	1.88215684816574	0.013	0.011	0.000	0.003
HNRNPD	0.003	0.000	0.003	0.000	-	-	1.88215684816574	0.008	0.005	0.003	0.000
NUP210	0.005	0.005	0.000	0.000	-	-	1.88032411305664	0.018	0.011	0.000	0.008
CDH2	0.005	0.005	0.000	0.000	-	-	1.87394161539697	0.005	0.005	0.000	0.000
LAMC1	0.005	0.005	0.000	0.000	-	-	1.85570509885017	0.018	0.018	0.000	0.000
NR3C1	0.003	0.003	0.000	0.000	-	-	1.84525114293373	0.003	0.003	0.000	0.000
GRIN2D	0.003	0.003	0.000	0.000	-	-	1.84525114293373	0.005	0.005	0.000	0.000
MYH8	0.005	0.005	0.000	0.000	-	-	1.8216407317026	0.013	0.011	0.003	0.000
RPA2	0.003	0.003	0.000	0.000	-	-	1.80688036172066	0.003	0.003	0.000	0.000
CHD1L	0.008	0.005	0.003	0.000	-	-	1.77630875132052	0.026	0.008	0.003	0.016
RBM25	0.003	0.000	0.000	0.003	-	-	1.76543965516267	0.013	0.011	0.000	0.003
PRKCI	0.003	0.000	0.000	0.003	-	-	1.76543965516267	0.005	0.003	0.000	0.003
DCC	0.003	0.003	0.000	0.000	-	-	1.76543965516267	0.024	0.024	0.000	0.000
LDLRAD3	0.003	0.000	0.000	0.003	-	-	1.7618182402055	0.008	0.005	0.000	0.003
F10	0.003	0.003	0.000	0.000	-	-	1.7618182402055	0.005	0.005	0.000	0.000
CD44	0.003	0.000	0.000	0.003	-	-	1.7618182402055	0.003	0.000	0.000	0.003
RASAL2	0.005	0.005	0.000	0.000	-	-	1.75081741845033	0.013	0.013	0.000	0.000
ST8SIA4	0.013	0.003	0.011	0.000	-	-	1.74255783307672	0.016	0.005	0.011	0.000
ARHGEF12	0.003	0.003	0.000	0.000	CC	-	1.72898574403904	0.011	0.011	0.000	0.000
PPP2R5B	0.003	0.003	0.000	0.000	-	-	1.72354396970448	0.003	0.003	0.000	0.000
APH1A	0.003	0.000	0.000	0.003	-	-	1.72354396970448	0.016	0.003	0.000	0.013
PTPRA	0.008	0.008	0.000	0.000	-	-	1.71380765234101	0.011	0.011	0.000	0.000
FASLG	0.008	0.003	0.000	0.005	-	-	1.70014687651886	0.016	0.003	0.000	0.013
RARB	0.005	0.005	0.000	0.000	-	-	1.66656917695493	0.016	0.013	0.000	0.003
KCNIP1	0.003	0.003	0.000	0.000	-	-	1.6627335879585	0.005	0.005	0.000	0.000
BCL2L1	0.003	0.003	0.000	0.003	-	-	1.6627335879585	0.013	0.005	0.000	0.011
ABCC1	0.003	0.003	0.000	0.000	-	-	1.6627335879585	0.018	0.018	0.000	0.000
PLXNA2	0.008	0.005	0.000	0.003	-	-	1.63638315006552	0.016	0.011	0.003	0.003
RHOC	0.005	0.003	0.000	0.003	-	-	1.63154241906358	0.008	0.005	0.000	0.003
TWIST1	0.003	0.000	0.000	0.003	-	-	1.62309642905918	0.011	0.000	0.000	0.011
PAK1	0.003	0.000	0.000	0.003	-	-	1.62309642905918	0.003	0.000	0.000	0.003
CXCR4	0.003	0.003	0.000	0.000	-	-	1.62309642905918	0.005	0.005	0.000	0.000
KCNH7	0.003	0.003	0.000	0.000	-	-	1.61580258427162	0.021	0.018	0.000	0.003
EVL	0.003	0.003	0.000	0.000	-	-	1.61580258427162	0.008	0.005	0.003	0.000
HOXA5	0.005	0.000	0.000	0.005	-	-	1.60567188392835	0.005	0.000	0.000	0.005
CYCS	0.005	0.000	0.000	0.005	-	-	1.60567188392835	0.005	0.000	0.000	0.005
MYBPC1	0.005	0.005	0.000	0.000	-	-	1.59431811402243	0.016	0.016	0.000	0.000
PAK2	0.005	0.005	0.000	0.000	-	-	1.58379371691959	0.005	0.005	0.000	0.000
PLXNA4	0.008	0.008	0.000	0.000	-	-	1.57450042081943	0.026	0.026	0.000	0.000
GSK3B	0.005	0.003	0.000	0.003	-	-	1.56788582705363	0.005	0.003	0.000	0.003
KCNA1	0.003	0.003	0.000	0.000	-	-	1.56672555611131	0.008	0.008	0.000	0.000
TOP2B	0.008	0.008	0.000	0.000	-	-	1.56481585171449	0.013	0.011	0.000	0.003
PCDHB7	0.003	0.003	0.000	0.000	-	-	1.53179218640899	0.021	0.021	0.000	0.000
CDH4	0.018	0.018	0.000	0.000	-	-	1.52629845405904	0.026	0.026	0.000	0.000
FCER1A	0.005	0.005	0.000	0.000	-	-	1.51516653125976	0.021	0.008	0.000	0.013
FOXA3	0.005	0.003	0.000	0.003	-	-	1.5123635412099	0.011	0.005	0.000	0.005
RHOBTB1	0.003	0.003	0.000	0.000	-	-	1.5123533500182	0.005	0.003	0.000	0.003
PDX1	0.003	0.003	0.000	0.000	-	-	1.5123533500182	0.003	0.003	0.000	0.000
NFKB1	0.003	0.003	0.000	0.000	-	-	1.5123533500182	0.003	0.003	0.000	0.000
GNAS	0.011	0.011	0.000	0.000	CC	PC	1.50099654154319	0.016	0.016	0.000	0.000
SOS1	0.003	0.003	0.000	0.000	-	PC	1.48679160310296	0.011	0.011	0.000	0.000
RAD21	0.003	0.003	0.000	0.000	-	PC	1.48679160310296	0.016	0.013	0.000	0.003
CCND3	0.003	0.003	0.000	0.000	CC	-	1.48679160310296	0.016	0.013	0.000	0.003
VASP	0.003	0.000	0.000	0.003	-	-	1.48009734560869	0.005	0.000	0.000	0.005
SRGAP3	0.003	0.003	0.000	0.000	CC	-	1.48009734560869	0.016	0.003	0.000	0.013
ANK3	0.005	0.005	0.000	0.000	-	-	1.44239353294274	0.029	0.026	0.000	0.003
RYBP	0.003	0.003	0.000	0.000	-	-	1.43611087754886	0.018	0.008	0.008	0.003
DTNB	0.003	0.003	0.000	0.000	-	-	1.43611087754886	0.008	0.008	0.000	0.000
POT1	0.005	0.005	0.000	0.000	-	-	1.41675082715603	0.011	0.011	0.000	0.000
HOXB8	0.003	0.003	0.000	0.000	-	-	1.40267250016326	0.005	0.005	0.000	0.000
CTNNAL1	0.008	0.008	0.000	0.000	-	-	1.40210752080932	0.021	0.021	0.000	0.000
SRGAP2	0.003	0.003	0.000	0.000	-	-	1.39800978967489	0.018	0.011	0.003	0.005
SIAH1	0.003	0.000	0.000	0.003	-	-	1.39800978967489	0.003	0.000	0.000	0.003
NFE2L2	0.008	0.008	0.000	0.000	CC	PC	1.39716373796606	0.026	0.026	0.000	0.000
BCR	0.005	0.003	0.000	0.003	CC	-	1.34704143747416	0.008	0.003	0.000	0.005
PRRX1	0.005	0.000	0.000	0.005	-	-	1.34482693413387	0.021	0.008	0.000	0.013
SPTBN1	0.008	0.008	0.000	0.000	-	-	1.34312590903331	0.029	0.029	0.000	0.000
RXRB	0.005	0.005	0.000	0.000	-	-	1.34024257785401	0.008	0.005	0.003	0.000
TFDP2	0.005	0.003	0.000	0.003	-	-	1.3166837913041	0.005	0.003	0.000	0.003
SELL	0.003	0.000	0.000	0.003	-	-	1.31315404124922	0.013	0.000	0.000	0.013
AP2A1	0.003	0.003	0.000	0.000	-	-	1.31315404124922	0.008	0.008	0.000	0.000
MRAS	0.003	0.000	0.000	0.003	-	-	1.31090582569547	0.005	0.003	0.000	0.003
GATA2	0.003	0.000	0.000	0.003	CC	-	1.31090582569547	0.005	0.000	0.000	0.005
CLDN18	0.003	0.000	0.000	0.003	-	-	1.31090582569547	0.003	0.000	0.000	0.003
SMAD7	0.008	0.005	0.000	0.003	-	-	1.29764171129159	0.008	0.005	0.000	0.003
SYNJ1	0.005	0.005	0.000	0.000	-	-	1.28904474961039	0.013	0.013	0.000	0.000
MAST1	0.005	0.005	0.000	0.000	-	-	1.28784007912732	0.008	0.008	0.000	0.000
CDKN1B	0.011	0.008	0.003	0.000	-	PC	1.27795167964069	0.024	0.021	0.003	0.000
EP400	0.005	0.005	0.000	0.000	-	-	1.2636057935735	0.024	0.024	0.000	0.000
GPS2	0.005	0.005	0.000	0.000	-	PC	1.25954925729961	0.011	0.011	0.000	0.000
SMARCA4	0.003	0.003	0.000	0.000	CC	PC	1.25685215206958	0.029	0.029	0.000	0.000
NR3C2	0.003	0.003	0.000	0.000	-	-	1.25685215206958	0.008	0.008	0.000	0.000
HDAC4	0.003	0.003	0.000	0.000	-	-	1.25685215206958	0.008	0.005	0.003	0.000
PIK3CD	0.003	0.003	0.000	0.000	-	-	1.25538098976546	0.008	0.008	0.000	0.000
MMP12	0.003	0.000	0.000	0.003	-	-	1.25538098976546	0.016	0.008	0.003	0.008
PRKG2	0.003	0.003	0.000	0.000	-	-	1.24266611816123	0.011	0.011	0.000	0.000
CACNA1A	0.016	0.016	0.000	0.000	-	-	1.23468427151315	0.034	0.034	0.000	0.000
DST	0.005	0.005	0.000	0.000	-	-	1.22778630167954	0.045	0.042	0.000	0.003
CHD4	0.008	0.008	0.000	0.000	-	PC	1.21660441395378	0.029	0.029	0.000	0.000
GATA3	0.011	0.003	0.000	0.008	CC	PC	1.2160776437216	0.016	0.003	0.000	0.013
PUM2	0.003	0.003	0.000	0.000	-	-	1.20341234029883	0.018	0.018	0.000	0.000
PRKD1	0.008	0.008	0.000	0.000	-	-	1.19585042603381	0.011	0.011	0.000	0.000
CSK	0.003	0.000	0.000	0.003	-	-	1.19195111133205	0.011	0.008	0.000	0.003
HOXC8	0.003	0.003	0.000	0.000	-	-	1.1836127504485	0.008	0.005	0.000	0.003
GNAI3	0.003	0.003	0.000	0.000	-	-	1.1836127504485	0.008	0.005	0.000	0.003
MYBPC2	0.008	0.008	0.000	0.000	-	-	1.17319811824076	0.013	0.013	0.000	0.000
MYH10	0.008	0.008	0.000	0.000	-	-	1.16899582690645	0.026	0.026	0.000	0.000
DLG1	0.003	0.003	0.000	0.000	-	-	1.16256438532595	0.008	0.008	0.000	0.000
DCHS2	0.011	0.011	0.000	0.000	-	-	1.1605345118679	0.026	0.026	0.000	0.000
MYLK	0.008	0.008	0.000	0.000	-	-	1.1546346612558	0.026	0.024	0.000	0.003
COL3A1	0.005	0.005	0.000	0.000	-	-	1.13657296956945	0.008	0.005	0.003	0.000
ITGA6	0.005	0.005	0.000	0.000	-	PC	1.13561300630153	0.011	0.011	0.000	0.000
ESR1	0.003	0.003	0.000	0.000	-	PC	1.12581792655259	0.003	0.003	0.000	0.000
PRKACA	0.003	0.003	0.000	0.000	-	-	1.12006051747243	0.003	0.003	0.000	0.000
NEDD9	0.003	0.003	0.000	0.000	-	-	1.12006051747243	0.011	0.008	0.003	0.000
NDUFS3	0.003	0.003	0.000	0.000	-	-	1.11689921265871	0.003	0.003	0.000	0.000
CD27	0.003	0.003	0.000	0.000	-	-	1.11689921265871	0.005	0.005	0.000	0.000
SMAD1	0.003	0.000	0.000	0.003	-	-	1.09952895902297	0.005	0.003	0.000	0.005
ERBB4	0.003	0.003	0.000	0.000	-	-	1.05817374739001	0.013	0.011	0.003	0.000
TBL1Y	0.032	0.003	0.029	0.000	-	-	1.05683553873576	0.061	0.005	0.055	0.000
RAC1	0.005	0.005	0.000	0.000	-	PC	1.05204704751223	0.005	0.005	0.000	0.000
COL6A1	0.003	0.003	0.000	0.000	-	-	1.0456087408109	0.005	0.005	0.000	0.000
CTBP1	0.003	0.000	0.000	0.003	-	-	1.03412957401909	0.008	0.003	0.003	0.003
TGFB1I1	0.003	0.003	0.000	0.000	-	-	1.02773937425162	0.003	0.003	0.000	0.000
MAPK1	0.003	0.003	0.000	0.000	-	-	1.02773937425162	0.005	0.003	0.000	0.003
MAGED1	0.003	0.003	0.000	0.000	-	-	1.02773937425162	0.005	0.003	0.000	0.003
TERF1	0.003	0.000	0.000	0.003	-	-	1.02327735890065	0.008	0.000	0.000	0.008
ROBO3	0.005	0.005	0.000	0.000	-	-	1.00430326097086	0.016	0.016	0.000	0.000
PKD1	0.005	0.005	0.000	0.000	-	-	1.00273847726161	0.024	0.024	0.000	0.000
KCNA3	0.003	0.003	0.000	0.000	-	-	1.00272116350836	0.011	0.011	0.000	0.000
SDC4	0.003	0.000	0.000	0.003	CC	-	0.997707986285995	0.005	0.000	0.000	0.005
VGLL2	0.003	0.003	0.000	0.000	-	-	0.996864831494763	0.005	0.003	0.003	0.000
NBN	0.005	0.005	0.000	0.000	-	-	0.996479803734616	0.013	0.013	0.000	0.000
THBS2	0.003	0.003	0.000	0.000	-	-	0.990670416513256	0.016	0.016	0.000	0.000
HMGB1	0.003	0.003	0.000	0.000	-	-	0.990670416513256	0.003	0.003	0.000	0.000
GRB2	0.003	0.003	0.000	0.000	-	-	0.974067703874356	0.003	0.003	0.000	0.000
POLR2A	0.003	0.003	0.000	0.000	-	-	0.945481598908095	0.005	0.005	0.000	0.000
CDC2L1	0.005	0.000	0.005	0.000	-	-	0.934340770377899	0.018	0.000	0.018	0.000
MYT1	0.003	0.003	0.000	0.000	-	-	0.920224922598583	0.011	0.011	0.000	0.000
BCL10	0.003	0.003	0.000	0.000	CC	-	0.920224922598583	0.005	0.005	0.000	0.000
RAC2	0.003	0.003	0.000	0.000	-	-	0.888332709015069	0.003	0.003	0.000	0.000
OCLN	0.013	0.000	0.000	0.013	-	-	0.887437502514469	0.032	0.008	0.000	0.024
GTF2H2	0.013	0.000	0.000	0.013	-	-	0.878084567681425	0.026	0.000	0.000	0.026
PPP1R13B	0.003	0.003	0.000	0.000	-	-	0.875321197795451	0.013	0.011	0.003	0.000
SUPT16H	0.003	0.003	0.000	0.000	-	-	0.872531967533266	0.013	0.013	0.000	0.000
MEFV	0.003	0.003	0.000	0.000	-	-	0.872531967533266	0.018	0.018	0.000	0.000
VHL	0.003	0.003	0.000	0.000	CC	PC	0.857707551474834	0.011	0.003	0.000	0.008
IRS1	0.003	0.003	0.000	0.000	-	-	0.857707551474834	0.013	0.011	0.003	0.000
DLD	0.003	0.000	0.000	0.003	-	-	0.857707551474834	0.005	0.003	0.000	0.003
ADAMTS7	0.003	0.003	0.000	0.000	-	-	0.838686129564449	0.013	0.013	0.000	0.000
ZAP70	0.003	0.003	0.000	0.000	-	-	0.83847528828096	0.011	0.008	0.000	0.003
HDAC1	0.003	0.003	0.000	0.000	-	-	0.832985904123142	0.003	0.003	0.000	0.000
STAT5B	0.003	0.003	0.000	0.000	-	-	0.826428173963158	0.008	0.008	0.000	0.000
RELB	0.003	0.000	0.000	0.003	-	-	0.806772792951715	0.003	0.000	0.000	0.003
COL16A1	0.005	0.005	0.000	0.000	-	-	0.801778948388936	0.011	0.011	0.000	0.000
ST8SIA2	0.003	0.003	0.000	0.000	-	-	0.781421262442902	0.003	0.003	0.000	0.000
NRAS	0.003	0.003	0.000	0.000	CC	PC	0.781421262442902	0.005	0.005	0.000	0.000
COL4A3	0.003	0.003	0.000	0.000	-	-	0.773581111228333	0.021	0.016	0.005	0.000
ITGA11	0.005	0.005	0.000	0.000	-	-	0.755369101557841	0.016	0.016	0.000	0.003
SNX17	0.003	0.003	0.000	0.000	-	-	0.747532125371454	0.005	0.005	0.000	0.000
VEGFA	0.003	0.003	0.000	0.000	-	-	0.74639712348924	0.005	0.005	0.000	0.000
PKD2	0.003	0.003	0.000	0.000	-	-	0.74639712348924	0.008	0.005	0.000	0.003
ZFHX3	0.011	0.011	0.000	0.000	-	PC	0.728170264519353	0.029	0.026	0.000	0.003
LMO3	0.003	0.003	0.000	0.000	-	-	0.724979731234668	0.003	0.003	0.000	0.000
HNRNPAB	0.003	0.003	0.000	0.000	-	-	0.724979731234668	0.003	0.003	0.000	0.000
TNNI2	0.003	0.003	0.000	0.000	-	-	0.714043529133559	0.003	0.003	0.000	0.000
NF2	0.003	0.003	0.000	0.000	CC	-	0.714043529133559	0.008	0.008	0.000	0.000
PCDH17	0.011	0.011	0.000	0.000	-	-	0.70497660857875	0.018	0.018	0.000	0.000
INSRR	0.005	0.005	0.000	0.000	-	-	0.680046663438321	0.011	0.011	0.000	0.000
PML	0.003	0.003	0.000	0.000	CC	-	0.673678220705032	0.018	0.013	0.000	0.005
MIB2	0.003	0.003	0.000	0.000	-	-	0.672092348401668	0.008	0.008	0.000	0.000
VIM	0.005	0.003	0.000	0.003	-	-	0.667712788164748	0.008	0.005	0.000	0.003
FGF3	0.003	0.003	0.000	0.000	-	-	0.663870981042694	0.029	0.005	0.000	0.026
POU4F1	0.003	0.003	0.000	0.000	-	-	0.657411733537538	0.011	0.011	0.000	0.000
LILRB1	0.003	0.003	0.000	0.000	-	-	0.652443253409143	0.018	0.016	0.000	0.003
PCSK6	0.003	0.003	0.000	0.000	-	-	0.648259726574166	0.013	0.013	0.000	0.000
SSRP1	0.005	0.005	0.000	0.000	-	-	0.631775615612891	0.011	0.011	0.000	0.000
PCDHA8	0.013	0.011	0.003	0.000	-	-	0.620629181028117	0.021	0.016	0.005	0.000
PCDHA13	0.013	0.013	0.000	0.000	-	-	0.59587029839752	0.016	0.016	0.000	0.000
DSP	0.005	0.005	0.000	0.000	-	-	0.594575924189545	0.040	0.037	0.003	0.000
YWHAH	0.003	0.003	0.000	0.000	-	-	0.593845454364773	0.008	0.003	0.000	0.005
PPARD	0.003	0.003	0.000	0.000	-	-	0.593845454364773	0.008	0.005	0.003	0.000
CASP1	0.005	0.005	0.000	0.000	-	-	0.591575957682391	0.013	0.011	0.003	0.000
SPARCL1	0.003	0.003	0.000	0.000	-	-	0.591050510481132	0.011	0.008	0.000	0.003
NR2F2	0.003	0.003	0.000	0.000	-	-	0.591050510481132	0.008	0.008	0.000	0.000
SH3KBP1	0.003	0.000	0.000	0.003	-	-	0.578387765231346	0.013	0.003	0.000	0.011
ELK1	0.003	0.000	0.000	0.003	-	-	0.578387765231346	0.008	0.000	0.000	0.008
CASK	0.003	0.000	0.000	0.003	-	-	0.578387765231346	0.011	0.003	0.000	0.008
APOB	0.005	0.005	0.000	0.000	-	-	0.57414543549979	0.047	0.045	0.000	0.003
NCAN	0.005	0.005	0.000	0.000	-	-	0.572937734002706	0.018	0.018	0.000	0.000
CHEK2	0.011	0.011	0.000	0.000	CC	PC	0.568707604295796	0.021	0.021	0.000	0.000
TG	0.005	0.005	0.000	0.000	-	-	0.568438361496502	0.024	0.021	0.000	0.003
CALML5	0.005	0.000	0.000	0.005	-	-	0.563587010254138	0.011	0.000	0.003	0.008
CHD1	0.008	0.003	0.005	0.000	-	-	0.528275989735534	0.045	0.029	0.016	0.000
VAV1	0.003	0.003	0.000	0.000	-	-	0.525184033328541	0.011	0.011	0.000	0.000
COL5A2	0.005	0.005	0.000	0.000	-	-	0.523101376824005	0.013	0.013	0.000	0.000
NR2F1	0.003	0.003	0.000	0.000	-	-	0.520268306372649	0.011	0.008	0.003	0.000
HDAC8	0.008	0.005	0.000	0.003	-	-	0.512287820373904	0.011	0.008	0.000	0.003
SSB	0.003	0.003	0.000	0.000	-	-	0.509901150049615	0.011	0.008	0.000	0.003
MLH1	0.003	0.003	0.000	0.000	CC	-	0.486924763081734	0.016	0.013	0.000	0.003
BCAR1	0.003	0.003	0.000	0.000	-	-	0.486924763081734	0.003	0.003	0.000	0.000
NACA	0.003	0.003	0.000	0.000	CC	-	0.478371329895467	0.005	0.005	0.000	0.000
CDH13	0.008	0.005	0.003	0.000	-	-	0.470112117574026	0.011	0.005	0.005	0.000
SPOP	0.003	0.003	0.000	0.000	-	PC	0.468645702670464	0.069	0.069	0.000	0.000
PLXNC1	0.003	0.003	0.000	0.000	-	-	0.462897599363533	0.008	0.008	0.000	0.000
PPIAL4	0.003	0.000	0.000	0.003	-	-	0.447578533611594	0.063	0.000	0.026	0.037
PCDHA1	0.008	0.008	0.000	0.000	-	-	0.4338242855923	0.018	0.018	0.000	0.000
REL	0.003	0.003	0.000	0.000	CC	-	0.412134749503172	0.005	0.005	0.000	0.000
PCDHA5	0.008	0.008	0.000	0.000	-	-	0.408548286903006	0.016	0.016	0.000	0.000
PCDH15	0.008	0.008	0.000	0.000	-	-	0.408524722673208	0.040	0.040	0.000	0.000
CELSR1	0.008	0.008	0.000	0.000	-	-	0.406463915479138	0.029	0.029	0.000	0.000
TP53BP1	0.008	0.008	0.000	0.000	-	PC	0.400087691265671	0.024	0.024	0.000	0.000
USF2	0.003	0.003	0.000	0.000	-	-	0.397093927564926	0.003	0.003	0.000	0.000
THBS1	0.005	0.005	0.000	0.000	-	-	0.395352387734477	0.008	0.005	0.003	0.000
PCDH19	0.005	0.003	0.000	0.003	-	-	0.394899502764239	0.029	0.018	0.000	0.011
CHD3	0.013	0.013	0.000	0.000	-	-	0.387858795567543	0.032	0.032	0.000	0.000
SUFU	0.003	0.003	0.000	0.000	CC	-	0.383273469613989	0.003	0.003	0.000	0.000
STOML3	0.003	0.003	0.000	0.000	-	-	0.383273469613989	0.013	0.005	0.008	0.000
NCAPG2	0.003	0.003	0.000	0.000	-	-	0.37422509606033	0.005	0.005	0.000	0.000
NRCAM	0.003	0.003	0.000	0.000	-	-	0.372670249335501	0.011	0.008	0.000	0.003
SCNN1B	0.005	0.005	0.000	0.000	-	-	0.369878861076418	0.011	0.008	0.000	0.003
PDE4C	0.003	0.003	0.000	0.000	-	-	0.364663725549992	0.008	0.008	0.000	0.000
PCSK5	0.005	0.005	0.000	0.000	-	-	0.361505866719513	0.034	0.034	0.000	0.000
ITGAD	0.003	0.003	0.000	0.000	-	-	0.350968480867063	0.008	0.008	0.000	0.000
PCDHGC5	0.008	0.008	0.000	0.000	-	-	0.349177152940346	0.016	0.016	0.000	0.000
TNFRSF10A	0.003	0.003	0.000	0.000	-	-	0.340209973429472	0.032	0.011	0.021	0.000
BACE1	0.003	0.003	0.000	0.000	-	-	0.335565537884652	0.003	0.003	0.000	0.000
PICALM	0.003	0.003	0.000	0.000	CC	-	0.333078504214457	0.003	0.003	0.000	0.000
PCDHGB3	0.008	0.008	0.000	0.000	-	-	0.322226845937663	0.018	0.018	0.000	0.000
CELSR2	0.011	0.011	0.000	0.000	-	-	0.321753482879819	0.021	0.021	0.000	0.000
TNC	0.003	0.003	0.000	0.000	-	-	0.31613120557977	0.018	0.018	0.000	0.000
MDM4	0.003	0.003	0.000	0.000	CC	-	0.310829452484256	0.003	0.003	0.000	0.000
HOXB3	0.003	0.003	0.000	0.000	-	-	0.309293570671652	0.003	0.003	0.000	0.000
TPM1	0.003	0.003	0.000	0.000	-	-	0.306989095140586	0.005	0.005	0.000	0.000
PCDH18	0.008	0.008	0.000	0.000	-	-	0.303723228824089	0.024	0.024	0.000	0.000
COL15A1	0.003	0.003	0.000	0.000	-	-	0.298189026600427	0.013	0.008	0.005	0.000
PIP5K1C	0.011	0.011	0.000	0.000	-	-	0.295498744866418	0.013	0.013	0.000	0.000
PCDHGA3	0.005	0.005	0.000	0.000	-	-	0.289467161687475	0.011	0.011	0.000	0.000
APBB3	0.011	0.011	0.000	0.000	-	-	0.28428904031138	0.011	0.011	0.000	0.000
ZNF638	0.003	0.003	0.000	0.000	-	-	0.280099835095636	0.008	0.008	0.000	0.000
ZNF417	0.003	0.003	0.000	0.000	-	-	0.280099835095636	0.005	0.005	0.000	0.000
HOXD10	0.003	0.003	0.000	0.000	-	-	0.262047636712889	0.008	0.008	0.000	0.000
CDH22	0.003	0.000	0.000	0.003	-	-	0.261304870421292	0.016	0.013	0.000	0.003
DAG1	0.003	0.003	0.000	0.000	-	-	0.254915175591295	0.005	0.005	0.000	0.000
MEN1	0.003	0.003	0.000	0.000	CC	-	0.248624944542713	0.005	0.005	0.000	0.000
ST8SIA3	0.003	0.003	0.000	0.000	-	-	0.24728710453709	0.008	0.008	0.000	0.000
PCDHGA12	0.005	0.005	0.000	0.000	-	-	0.246106035261565	0.008	0.008	0.000	0.000
MYH4	0.005	0.005	0.000	0.000	-	-	0.245723635958166	0.026	0.024	0.003	0.000
CRK	0.003	0.003	0.000	0.000	-	-	0.244092565859429	0.003	0.003	0.000	0.000
CACNA2D2	0.005	0.005	0.000	0.000	-	-	0.243038008966413	0.008	0.008	0.000	0.000
CDH9	0.003	0.003	0.000	0.000	-	-	0.240051840516198	0.016	0.011	0.000	0.005
KALRN	0.021	0.018	0.000	0.003	-	PC	0.224096133253548	0.029	0.026	0.000	0.003
MYH13	0.005	0.005	0.000	0.000	-	-	0.223594369324133	0.026	0.026	0.000	0.000
HIPK1	0.005	0.005	0.000	0.000	-	-	0.222567970019302	0.013	0.013	0.000	0.000
CACNA1H	0.008	0.008	0.000	0.000	-	-	0.220234914296091	0.008	0.008	0.000	0.000
PCDHAC2	0.005	0.005	0.000	0.000	-	-	0.21879058526923	0.011	0.011	0.000	0.000
PCDHB5	0.008	0.005	0.003	0.000	-	-	0.211168153883069	0.018	0.016	0.003	0.000
PCDHGA2	0.005	0.005	0.000	0.000	-	-	0.210841467988066	0.021	0.021	0.000	0.000
MYH2	0.003	0.003	0.000	0.000	-	-	0.209921861894097	0.018	0.016	0.003	0.000
DPYSL5	0.003	0.003	0.000	0.000	-	-	0.209921861894097	0.003	0.003	0.000	0.000
CHD6	0.003	0.003	0.000	0.000	-	-	0.209921861894097	0.034	0.034	0.000	0.000
RANBP6	0.003	0.003	0.000	0.000	-	-	0.194213973253093	0.008	0.008	0.000	0.003
HLA-A	0.005	0.005	0.000	0.000	-	PC	0.191224643838373	0.032	0.032	0.000	0.000
CPT1B	0.003	0.000	0.003	0.000	-	-	0.189595877145966	0.008	0.005	0.003	0.000
CDH12	0.005	0.005	0.000	0.000	-	-	0.187712054617761	0.016	0.011	0.000	0.005
TRPC7	0.005	0.005	0.000	0.000	-	-	0.186567385664709	0.005	0.005	0.000	0.000
FLT4	0.005	0.005	0.000	0.000	-	-	0.185899436010485	0.008	0.008	0.000	0.000
PCDHGA5	0.003	0.003	0.000	0.000	-	-	0.184774385966391	0.011	0.011	0.000	0.000
PCDHGB7	0.005	0.005	0.000	0.000	-	-	0.177576593242223	0.013	0.013	0.000	0.000
EED	0.003	0.003	0.000	0.000	-	-	0.175153631330453	0.011	0.011	0.000	0.000
PTPRC	0.005	0.005	0.000	0.000	-	-	0.173479750974168	0.018	0.018	0.000	0.000
RGS4	0.008	0.003	0.000	0.005	-	-	0.170269611220372	0.026	0.003	0.000	0.024
RYR1	0.008	0.008	0.000	0.000	-	-	0.168864623380327	0.050	0.047	0.000	0.003
PCDHGA6	0.003	0.003	0.000	0.000	-	-	0.168640176983266	0.008	0.008	0.000	0.000
CRMP1	0.003	0.003	0.000	0.000	-	-	0.167402861092457	0.013	0.011	0.003	0.000
TRDN	0.003	0.003	0.000	0.000	-	-	0.165751471651486	0.011	0.008	0.000	0.003
CNTNAP2	0.011	0.011	0.000	0.000	-	-	0.163557333315128	0.021	0.021	0.000	0.000
RAI14	0.003	0.003	0.000	0.000	-	-	0.163032016501711	0.016	0.013	0.000	0.003
HIST1H2BK	0.003	0.003	0.000	0.000	-	-	0.161031335605878	0.008	0.005	0.000	0.003
THBS4	0.003	0.003	0.000	0.000	-	-	0.155090326142106	0.008	0.008	0.000	0.000
GIT2	0.003	0.003	0.000	0.000	-	-	0.155090326142106	0.003	0.003	0.000	0.000
NLRP12	0.003	0.003	0.000	0.000	-	-	0.15444104517912	0.005	0.005	0.000	0.000
ATF2	0.003	0.003	0.000	0.000	-	-	0.150779332959888	0.003	0.003	0.000	0.000
PCDHGA9	0.003	0.003	0.000	0.000	-	-	0.148644616857398	0.011	0.011	0.000	0.000
BCL6	0.003	0.003	0.000	0.000	CC	-	0.148147263173177	0.008	0.008	0.000	0.000
TCF7L2	0.005	0.005	0.000	0.000	CC	PC	0.14663644777492	0.005	0.005	0.000	0.000
CDH24	0.003	0.003	0.000	0.000	-	-	0.145242569759132	0.005	0.005	0.000	0.000
CDX1	0.003	0.003	0.000	0.000	-	-	0.144944263453919	0.003	0.003	0.000	0.000
PCDHA7	0.003	0.003	0.000	0.000	-	-	0.141153942410801	0.016	0.016	0.000	0.000
HOXB13	0.003	0.003	0.000	0.000	-	-	0.140245838418774	0.008	0.008	0.000	0.000
IL16	0.003	0.003	0.000	0.000	-	-	0.139652943491168	0.011	0.011	0.000	0.000
COPB2	0.003	0.003	0.000	0.000	-	-	0.137740462867407	0.013	0.011	0.000	0.003
CDH18	0.003	0.003	0.000	0.000	-	-	0.137675665529567	0.018	0.013	0.000	0.005
GRB14	0.008	0.005	0.003	0.000	-	-	0.136933849842205	0.013	0.011	0.003	0.000
ATG16L2	0.003	0.003	0.000	0.000	-	-	0.136470327418393	0.011	0.005	0.000	0.005
CDH17	0.003	0.003	0.000	0.000	-	-	0.132622408171799	0.011	0.005	0.000	0.005
PCDH11X	0.003	0.003	0.000	0.000	-	-	0.129741082109065	0.011	0.011	0.000	0.000
PCDHB10	0.003	0.003	0.000	0.000	-	-	0.127970664435194	0.013	0.011	0.003	0.000
ICAM3	0.003	0.003	0.000	0.000	-	-	0.127259891120456	0.008	0.008	0.000	0.000
FASN	0.003	0.003	0.000	0.000	-	-	0.124275714331374	0.008	0.008	0.000	0.000
CNTNAP5	0.005	0.005	0.000	0.000	-	-	0.123680604976216	0.024	0.024	0.000	0.000
CDH6	0.003	0.003	0.000	0.000	-	-	0.123639833062571	0.018	0.018	0.000	0.003
EPB41L3	0.021	0.021	0.000	0.000	-	-	0.122912552302556	0.032	0.032	0.000	0.000
BAZ1B	0.005	0.005	0.000	0.000	-	-	0.12256211274064	0.011	0.011	0.000	0.000
ACAN	0.003	0.003	0.000	0.000	-	-	0.115527220729333	0.032	0.032	0.000	0.000
CDH11	0.005	0.005	0.000	0.000	CC	-	0.113232798314973	0.016	0.016	0.000	0.000
KCNJ5	0.003	0.003	0.000	0.000	-	-	0.113190138238131	0.005	0.005	0.000	0.000
SPEN	0.011	0.011	0.000	0.000	-	PC	0.112013387515378	0.040	0.037	0.000	0.003
PRMT5	0.008	0.008	0.000	0.000	-	-	0.111597387537284	0.011	0.011	0.000	0.000
HOXC4	0.003	0.003	0.000	0.000	-	-	0.107356052957457	0.011	0.008	0.000	0.003
GGCX	0.003	0.003	0.000	0.000	-	-	0.104723647356951	0.008	0.008	0.000	0.000
CDH26	0.003	0.003	0.000	0.000	-	-	0.103324807623601	0.008	0.008	0.000	0.000
POU3F2	0.003	0.000	0.003	0.000	-	-	0.101503799166445	0.005	0.000	0.005	0.000
INPP4B	0.003	0.003	0.000	0.000	-	-	0.101311878974983	0.011	0.011	0.000	0.000
UBE3A	0.003	0.000	0.000	0.003	-	-	0.0992206933684435	0.018	0.013	0.000	0.005
PLXND1	0.003	0.003	0.000	0.000	-	-	0.0992206933684435	0.016	0.013	0.000	0.003
IFI16	0.005	0.005	0.000	0.000	-	-	0.0965911646266842	0.013	0.008	0.000	0.008
CAMK1	0.003	0.003	0.000	0.000	-	-	0.0960628290829359	0.013	0.003	0.000	0.011
ACTR3	0.003	0.003	0.000	0.000	-	-	0.0949206056884789	0.005	0.005	0.000	0.000
RCOR1	0.003	0.003	0.000	0.000	-	-	0.0935807088569873	0.008	0.005	0.003	0.000
CD24	0.021	0.000	0.018	0.003	-	-	0.0935397540560698	0.061	0.000	0.055	0.005
JUP	0.003	0.003	0.000	0.000	-	-	0.093508482381295	0.008	0.008	0.000	0.000
XPO7	0.003	0.000	0.003	0.000	-	-	0.0920247953303103	0.026	0.005	0.021	0.000
BAI1	0.008	0.008	0.000	0.000	-	-	0.0900310138698682	0.018	0.013	0.000	0.005
DNAH9	0.005	0.005	0.000	0.000	-	-	0.0865059256510187	0.037	0.029	0.005	0.003
GRIK1	0.013	0.013	0.000	0.000	-	-	0.0857518254395139	0.018	0.018	0.000	0.000
PGM5	0.005	0.005	0.000	0.000	-	-	0.0852281708995956	0.008	0.008	0.000	0.000
SLC12A2	0.003	0.003	0.000	0.000	-	-	0.0844030022429681	0.008	0.008	0.000	0.000
PIP4K2C	0.005	0.005	0.000	0.000	-	-	0.0826625041579773	0.008	0.008	0.000	0.000
E2F5	0.003	0.000	0.000	0.003	-	-	0.082578202801581	0.013	0.003	0.000	0.011
SCNN1G	0.003	0.003	0.000	0.000	-	-	0.0805160986663499	0.005	0.005	0.000	0.000
CAV3	0.005	0.003	0.000	0.003	-	-	0.0796054169007447	0.011	0.003	0.000	0.008
ZFPM1	0.005	0.005	0.000	0.000	-	-	0.0783425225038159	0.016	0.016	0.000	0.000
COL1A1	0.003	0.003	0.000	0.000	CC	-	0.0778227541207077	0.008	0.008	0.000	0.000
PCDHGB4	0.003	0.003	0.000	0.000	-	-	0.077260300591143	0.008	0.008	0.000	0.000
LRP10	0.008	0.008	0.000	0.000	-	-	0.0765754127883595	0.013	0.013	0.000	0.000
KCNH2	0.003	0.003	0.000	0.000	-	-	0.07626126611369	0.005	0.005	0.000	0.000
ADCY4	0.005	0.005	0.000	0.000	-	-	0.0758901804241847	0.011	0.011	0.000	0.000
PPARA	0.003	0.003	0.000	0.000	-	-	0.0740652385157026	0.005	0.005	0.000	0.000
CHD9	0.005	0.005	0.000	0.000	-	-	0.0739249328219899	0.026	0.026	0.000	0.000
TBL1X	0.011	0.003	0.003	0.005	-	-	0.0738977078634388	0.018	0.003	0.005	0.011
ITGB6	0.003	0.003	0.000	0.000	-	-	0.0736959153293406	0.008	0.005	0.000	0.003
TNNC2	0.003	0.000	0.000	0.003	-	-	0.071594533215034	0.003	0.000	0.000	0.003
GRIN3A	0.008	0.005	0.003	0.000	-	-	0.0702274112185797	0.011	0.008	0.003	0.000
PARVB	0.003	0.003	0.000	0.000	-	-	0.067645323908605	0.005	0.005	0.000	0.000
SYNJ2	0.005	0.005	0.000	0.000	-	-	0.0664921477711361	0.011	0.011	0.000	0.000
CEBPB	0.003	0.003	0.000	0.000	-	-	0.0664544585795765	0.011	0.011	0.000	0.000
CNTN6	0.003	0.003	0.000	0.000	-	-	0.0649164476725871	0.024	0.024	0.000	0.000
PLG	0.003	0.003	0.000	0.000	-	-	0.0648233295921003	0.003	0.003	0.000	0.000
FOXO3	0.003	0.000	0.003	0.000	-	-	0.0631394997131884	0.005	0.000	0.005	0.000
MPP6	0.003	0.003	0.000	0.000	-	-	0.0623711343621071	0.013	0.011	0.000	0.003
EBF2	0.008	0.000	0.008	0.000	-	-	0.0600349716677614	0.021	0.003	0.018	0.000
PDE1C	0.011	0.005	0.000	0.005	-	-	0.0595301944758782	0.021	0.013	0.000	0.008
SF3B1	0.008	0.008	0.000	0.000	CC	PC	0.0594714556017992	0.018	0.018	0.000	0.000
VCAM1	0.003	0.003	0.000	0.000	-	-	0.0593249857006361	0.005	0.005	0.000	0.000
STRN4	0.003	0.003	0.000	0.000	-	-	0.0593249857006361	0.008	0.008	0.000	0.000
SEMA6D	0.005	0.005	0.000	0.000	-	-	0.0590273884405074	0.016	0.016	0.000	0.000
ZFPM2	0.005	0.003	0.000	0.003	-	-	0.0582933357895126	0.032	0.021	0.000	0.011
F5	0.003	0.003	0.000	0.000	-	-	0.0582035020325079	0.045	0.032	0.000	0.013
ITPR3	0.003	0.003	0.000	0.000	-	-	0.0581753609236881	0.016	0.013	0.003	0.000
AP2A2	0.005	0.005	0.000	0.000	-	-	0.0567669900374622	0.008	0.008	0.000	0.000
GRID2	0.018	0.018	0.000	0.000	-	-	0.0553517712174839	0.018	0.018	0.000	0.000
ABCC9	0.003	0.003	0.000	0.000	-	-	0.0551674816642802	0.021	0.021	0.000	0.003
PCDHB14	0.003	0.003	0.000	0.000	-	-	0.0548096831503427	0.013	0.013	0.000	0.000
CEACAM6	0.003	0.003	0.000	0.000	-	-	0.0528733737346172	0.005	0.005	0.000	0.000
DNMT1	0.005	0.005	0.000	0.000	-	-	0.0513076554183456	0.016	0.013	0.000	0.003
TNN	0.005	0.005	0.000	0.000	-	-	0.0499214548749866	0.016	0.011	0.000	0.005
MYH7	0.003	0.003	0.000	0.000	-	-	0.0495776020068931	0.029	0.029	0.000	0.000
SPTBN4	0.005	0.005	0.000	0.000	-	-	0.0492385332331636	0.026	0.024	0.000	0.003
OBSCN	0.011	0.011	0.000	0.000	-	-	0.0490337958666211	0.055	0.053	0.003	0.000
MAP3K2	0.003	0.003	0.000	0.000	-	-	0.0480668949561222	0.005	0.005	0.000	0.000
LRP4	0.005	0.005	0.000	0.000	-	-	0.0474541636462867	0.024	0.024	0.000	0.000
SIRT1	0.003	0.003	0.000	0.000	-	-	0.047386147335334	0.005	0.005	0.000	0.000
SIX1	0.005	0.005	0.000	0.000	-	-	0.0472005498845773	0.008	0.008	0.000	0.000
TJP3	0.003	0.003	0.000	0.000	-	-	0.045697215479843	0.005	0.005	0.000	0.000
TPTE	0.005	0.005	0.000	0.000	-	-	0.044833974829174	0.026	0.024	0.000	0.003
RGMB	0.003	0.000	0.003	0.000	-	-	0.0445120410466259	0.018	0.005	0.013	0.000
NELL1	0.003	0.003	0.000	0.000	-	-	0.0440750328679628	0.011	0.011	0.000	0.000
ADIPOR2	0.003	0.003	0.000	0.000	-	-	0.0438918095190396	0.005	0.003	0.000	0.003
HAP1	0.003	0.003	0.000	0.000	-	-	0.0416289798297063	0.005	0.005	0.000	0.000
PCDHB2	0.003	0.003	0.000	0.000	-	-	0.0399835791447842	0.013	0.013	0.000	0.000
CCR4	0.005	0.005	0.000	0.000	-	-	0.039378758533419	0.011	0.008	0.000	0.003
LRP6	0.005	0.003	0.003	0.000	-	-	0.0387000495314997	0.008	0.005	0.003	0.000
PCDHB15	0.003	0.003	0.000	0.000	-	-	0.0386120011390876	0.011	0.011	0.000	0.000
SPTAN1	0.008	0.008	0.000	0.000	-	-	0.0379718752613436	0.040	0.040	0.000	0.000
RGL2	0.003	0.003	0.000	0.000	-	-	0.037757468314667	0.011	0.008	0.003	0.000
BCLAF1	0.005	0.005	0.000	0.000	-	PC	0.0375172575122029	0.026	0.026	0.000	0.000
GTSE1	0.005	0.005	0.000	0.000	-	-	0.037378672628917	0.011	0.011	0.000	0.000
ARID3B	0.003	0.003	0.000	0.000	-	-	0.0370938927260842	0.011	0.008	0.000	0.003
PEX19	0.008	0.000	0.000	0.008	-	-	0.0366023516422785	0.032	0.003	0.000	0.029
SFRS9	0.003	0.003	0.000	0.000	-	-	0.0365681055701042	0.005	0.005	0.000	0.000
KRT16	0.003	0.003	0.000	0.000	-	-	0.0361584208044459	0.005	0.005	0.000	0.000
MPO	0.005	0.005	0.000	0.000	-	-	0.0358020702925833	0.005	0.005	0.000	0.000
COL17A1	0.003	0.003	0.000	0.000	-	-	0.0357810833886103	0.008	0.008	0.000	0.000
PPARGC1B	0.003	0.003	0.000	0.000	-	-	0.0353818816098641	0.003	0.003	0.000	0.000
CLNS1A	0.003	0.000	0.000	0.003	-	-	0.0353248310146773	0.005	0.000	0.000	0.005
PBX4	0.005	0.005	0.000	0.000	-	-	0.0351387447620752	0.013	0.013	0.000	0.000
BMPR2	0.003	0.003	0.000	0.000	-	-	0.0350691856510755	0.016	0.016	0.000	0.000
LINGO1	0.003	0.003	0.000	0.000	-	-	0.0347338770306317	0.005	0.005	0.000	0.000
ATF4	0.003	0.003	0.000	0.000	-	-	0.0339709007608657	0.003	0.003	0.000	0.000
TNXB	0.016	0.016	0.000	0.000	-	-	0.0334680960444729	0.040	0.040	0.000	0.000
SETD2	0.003	0.003	0.000	0.000	CC	PC	0.033031710885734	0.032	0.032	0.000	0.000
TBX3	0.003	0.003	0.000	0.000	-	PC	0.0329364894913438	0.018	0.016	0.000	0.003
INPP5D	0.003	0.003	0.000	0.000	-	-	0.0326982193155942	0.013	0.011	0.003	0.000
BCAR3	0.003	0.003	0.000	0.000	-	-	0.0317450353960974	0.011	0.008	0.000	0.003
TAF1	0.005	0.003	0.000	0.003	-	PC	0.0315644766515634	0.013	0.008	0.000	0.005
CTNND2	0.003	0.000	0.000	0.003	-	-	0.030930129666858	0.026	0.018	0.003	0.005
ENPP1	0.003	0.000	0.000	0.003	-	-	0.0306426911431937	0.011	0.008	0.000	0.003
RCHY1	0.003	0.003	0.000	0.000	-	-	0.0305873841897266	0.005	0.005	0.000	0.000
PTGS1	0.003	0.003	0.000	0.000	-	-	0.0303823013442884	0.003	0.003	0.000	0.000
LIMK1	0.003	0.003	0.000	0.000	-	-	0.0295239348317385	0.008	0.008	0.000	0.000
XRCC6	0.008	0.008	0.000	0.000	-	-	0.0290879270170498	0.011	0.011	0.000	0.000
RBMY1A1	0.011	0.000	0.008	0.003	-	-	0.0290543587395573	0.061	0.000	0.055	0.005
PTGS2	0.003	0.003	0.000	0.000	-	-	0.0288381205549683	0.013	0.008	0.000	0.005
NRXN3	0.003	0.003	0.000	0.000	-	-	0.0287164454280715	0.013	0.013	0.000	0.000
MYLK2	0.003	0.003	0.000	0.000	-	-	0.0285432119143641	0.018	0.013	0.000	0.005
HLA-G	0.003	0.003	0.000	0.000	-	-	0.0285297025819813	0.003	0.003	0.000	0.000
LASS2	0.005	0.000	0.000	0.005	-	-	0.0284456877772033	0.013	0.000	0.000	0.013
ARID3A	0.003	0.003	0.000	0.000	-	-	0.0279359366032124	0.003	0.003	0.000	0.000
SPTBN2	0.003	0.003	0.000	0.000	-	-	0.0277296375947591	0.024	0.024	0.000	0.000
ADCY9	0.003	0.003	0.000	0.000	-	-	0.0276857076151406	0.013	0.013	0.000	0.000
PCDHA3	0.005	0.005	0.000	0.000	-	-	0.0271211797373371	0.013	0.013	0.000	0.000
APC	0.005	0.005	0.000	0.000	CC	PC	0.0268258905778047	0.024	0.024	0.000	0.000
HMOX2	0.003	0.003	0.000	0.000	-	-	0.026725289351829	0.003	0.003	0.000	0.000
STAM	0.003	0.003	0.000	0.000	-	-	0.0265898804542517	0.005	0.003	0.000	0.003
HIVEP2	0.003	0.003	0.000	0.000	-	-	0.0265327297062797	0.011	0.011	0.000	0.000
SMARCAL1	0.003	0.003	0.000	0.000	-	-	0.0263028631218996	0.008	0.005	0.003	0.000
GHR	0.003	0.003	0.000	0.000	-	-	0.0263019466877548	0.013	0.008	0.000	0.005
MCM2	0.003	0.000	0.000	0.003	-	-	0.0261923391596899	0.008	0.003	0.000	0.005
PLK4	0.003	0.003	0.000	0.000	-	-	0.0257554981304107	0.011	0.011	0.000	0.000
ITGA8	0.003	0.003	0.000	0.000	-	-	0.0257550369320054	0.011	0.008	0.000	0.003
STK24	0.003	0.003	0.000	0.000	-	-	0.0255725645448577	0.008	0.008	0.000	0.000
TBX18	0.005	0.005	0.000	0.000	-	-	0.0255569600299468	0.013	0.005	0.008	0.000
KRT14	0.003	0.003	0.000	0.000	-	-	0.0255380394805293	0.005	0.005	0.000	0.000
PPP1R1A	0.003	0.003	0.000	0.000	-	-	0.0254213520220588	0.005	0.003	0.000	0.003
SH2D3C	0.003	0.003	0.000	0.000	-	-	0.0252568223419326	0.013	0.013	0.000	0.000
CTPS2	0.003	0.003	0.000	0.000	-	-	0.0251672790214464	0.016	0.003	0.000	0.013
TIMELESS	0.005	0.005	0.000	0.000	-	-	0.0250829624859175	0.021	0.021	0.000	0.000
SERPIND1	0.003	0.003	0.000	0.000	-	-	0.0250770304609894	0.024	0.016	0.000	0.008
SMC3	0.003	0.003	0.000	0.000	-	PC	0.025025688644876	0.005	0.005	0.000	0.000
MOS	0.008	0.005	0.000	0.003	-	-	0.0245969772900892	0.016	0.005	0.003	0.008
BTG2	0.005	0.005	0.000	0.000	-	-	0.0245040173909097	0.016	0.016	0.000	0.000
SYK	0.003	0.003	0.000	0.000	CC	-	0.0244724511669494	0.008	0.008	0.000	0.000
NHLH2	0.003	0.003	0.000	0.000	-	-	0.0244556391611088	0.008	0.005	0.000	0.003
NUP153	0.005	0.003	0.000	0.003	-	-	0.024203382205746	0.021	0.011	0.003	0.008
FANCI	0.003	0.003	0.000	0.000	-	-	0.0240357814568565	0.016	0.016	0.000	0.000
IFITM1	0.003	0.000	0.003	0.000	-	-	0.0239447452674013	0.005	0.003	0.003	0.000
MADCAM1	0.003	0.003	0.000	0.000	-	-	0.0239037459789482	0.005	0.005	0.000	0.000
GRIK3	0.003	0.003	0.000	0.000	-	-	0.0238163780872559	0.011	0.011	0.000	0.000
P2RX1	0.003	0.003	0.000	0.000	-	-	0.0237556216683046	0.003	0.003	0.000	0.000
DNAH1	0.003	0.003	0.000	0.000	-	-	0.0234754392904049	0.024	0.024	0.000	0.000
APBB1	0.003	0.003	0.000	0.000	-	-	0.0231857470662775	0.008	0.008	0.000	0.000
POLR3A	0.003	0.003	0.000	0.000	-	-	0.0229694719637542	0.016	0.016	0.000	0.000
USH2A	0.008	0.008	0.000	0.000	-	-	0.0229685668222184	0.058	0.055	0.003	0.000
SFRP2	0.003	0.003	0.000	0.000	-	-	0.0229618165840197	0.005	0.005	0.000	0.000
CFB	0.003	0.003	0.000	0.000	-	-	0.0228687419536088	0.008	0.008	0.000	0.000
CCR3	0.003	0.003	0.000	0.003	-	-	0.0226515639781005	0.008	0.008	0.000	0.003
TCF7L1	0.003	0.003	0.000	0.000	-	-	0.0224879789468463	0.003	0.003	0.000	0.000
UBR5	0.003	0.003	0.000	0.000	-	-	0.0223054333896085	0.058	0.032	0.000	0.026
BRAF	0.005	0.005	0.000	0.000	CC	PC	0.0223000366084892	0.018	0.018	0.000	0.000
AHR	0.003	0.000	0.000	0.003	-	-	0.0216015093848911	0.029	0.016	0.000	0.013
BTG1	0.003	0.000	0.000	0.003	CC	-	0.0212706990211146	0.003	0.000	0.000	0.003
IDH3A	0.003	0.003	0.000	0.000	-	-	0.0211881991087109	0.003	0.003	0.000	0.000
ITPKB	0.008	0.008	0.000	0.000	-	-	0.0209799998256802	0.016	0.013	0.003	0.000
EPHB1	0.003	0.003	0.000	0.000	-	-	0.0205418096399768	0.018	0.018	0.000	0.000
TFAP2B	0.003	0.003	0.000	0.000	-	-	0.0202366217520999	0.005	0.005	0.000	0.000
CCR7	0.005	0.005	0.000	0.000	-	-	0.0199756481566462	0.011	0.011	0.000	0.000
PDPK1	0.003	0.003	0.000	0.000	-	-	0.0198514582596091	0.008	0.005	0.000	0.003
GRIA2	0.005	0.005	0.000	0.000	-	-	0.0197949999116421	0.011	0.011	0.000	0.000
IL4	0.003	0.003	0.000	0.000	-	-	0.0196049535881903	0.003	0.003	0.000	0.000
SELE	0.003	0.003	0.000	0.000	-	-	0.0194008506958391	0.018	0.005	0.000	0.013
RGS2	0.003	0.000	0.000	0.003	-	-	0.0192176998985679	0.016	0.005	0.000	0.011
NPHP1	0.003	0.000	0.003	0.000	-	-	0.0190389008773711	0.005	0.003	0.003	0.000
MFNG	0.003	0.003	0.000	0.000	-	-	0.0190328209412708	0.003	0.003	0.000	0.000
ZNF423	0.005	0.005	0.000	0.000	-	-	0.019030055549946	0.011	0.011	0.000	0.000
DAXX	0.003	0.003	0.000	0.000	CC	-	0.0189482563675103	0.008	0.005	0.003	0.000
ANAPC2	0.005	0.003	0.000	0.003	-	-	0.0189050041852136	0.011	0.008	0.000	0.003
SCML2	0.003	0.003	0.000	0.000	-	-	0.0188640699792078	0.021	0.005	0.003	0.013
NLGN1	0.003	0.003	0.000	0.000	-	-	0.0187814170387151	0.008	0.008	0.000	0.000
TLN2	0.003	0.003	0.000	0.000	-	-	0.0185079657601458	0.018	0.018	0.000	0.000
FPR1	0.003	0.003	0.000	0.000	-	-	0.0184624070391397	0.008	0.005	0.000	0.003
ADRA1B	0.003	0.003	0.000	0.000	-	-	0.0184325014540616	0.008	0.008	0.000	0.000
VPS33A	0.003	0.003	0.000	0.000	-	-	0.0182488856412768	0.005	0.005	0.000	0.000
FANCA	0.003	0.003	0.000	0.000	CC	PC	0.0181808562973325	0.016	0.016	0.000	0.000
ACTL6B	0.003	0.003	0.000	0.000	-	-	0.0179955269587028	0.008	0.008	0.000	0.000
PCDHB4	0.003	0.003	0.000	0.000	-	-	0.0177163692397663	0.021	0.018	0.003	0.000
MPP3	0.003	0.003	0.000	0.000	-	-	0.0174787071288817	0.008	0.008	0.000	0.000
JUND	0.003	0.003	0.000	0.000	-	-	0.0171899575028009	0.005	0.005	0.000	0.000
NGFR	0.003	0.003	0.000	0.000	-	-	0.0170551550073625	0.005	0.005	0.000	0.000
GRIK4	0.003	0.003	0.000	0.000	-	-	0.0169362111485849	0.011	0.011	0.000	0.000
CHD7	0.005	0.005	0.000	0.000	-	-	0.0168286079354047	0.055	0.045	0.003	0.008
PLA2G4A	0.003	0.003	0.000	0.000	-	-	0.0167580063198223	0.008	0.005	0.000	0.003
RAPGEF2	0.005	0.005	0.000	0.000	-	-	0.0166992559473454	0.018	0.018	0.000	0.000
TRPC3	0.003	0.003	0.000	0.000	-	-	0.0166499776671017	0.008	0.008	0.000	0.000
ADCY6	0.005	0.005	0.000	0.000	-	-	0.0165431287403725	0.018	0.016	0.000	0.003
MYH9	0.003	0.003	0.000	0.000	CC	PC	0.0162888961720039	0.034	0.034	0.000	0.000
GATA5	0.003	0.003	0.000	0.000	-	-	0.0160466991450923	0.005	0.005	0.000	0.000
JUNB	0.003	0.003	0.000	0.000	-	-	0.0159963007822744	0.011	0.011	0.000	0.000
NFE2	0.003	0.000	0.000	0.003	-	-	0.0157958556150817	0.008	0.005	0.000	0.003
PVRL1	0.003	0.003	0.000	0.000	-	-	0.0156513030707727	0.011	0.011	0.000	0.000
TRPV5	0.003	0.003	0.000	0.000	-	-	0.0156499894591282	0.013	0.011	0.000	0.003
GFI1B	0.003	0.003	0.000	0.000	-	-	0.0156375143495908	0.005	0.005	0.000	0.000
SIAH2	0.003	0.000	0.000	0.003	-	-	0.0156187280777639	0.003	0.000	0.000	0.003
RAPGEF5	0.003	0.000	0.000	0.003	-	-	0.015567164431119	0.008	0.000	0.000	0.008
PRKD3	0.003	0.003	0.000	0.000	-	-	0.0155649472784257	0.013	0.013	0.000	0.000
VEGFC	0.003	0.000	0.003	0.000	-	-	0.0153514506841189	0.005	0.003	0.003	0.000
HGFAC	0.003	0.000	0.003	0.000	-	-	0.0153080448957029	0.008	0.005	0.003	0.000
GABRR1	0.003	0.003	0.000	0.000	-	-	0.0151683349053962	0.016	0.008	0.005	0.003
SLIT3	0.003	0.003	0.000	0.000	-	-	0.0151681547406678	0.013	0.013	0.000	0.000
IKBKE	0.003	0.000	0.003	0.000	-	-	0.0150701302441272	0.011	0.005	0.003	0.003
MAGI2	0.005	0.005	0.000	0.000	-	-	0.014940448256065	0.018	0.018	0.000	0.000
TERF2IP	0.003	0.003	0.000	0.000	-	-	0.014855349699778	0.005	0.005	0.000	0.000
ACTRT1	0.003	0.003	0.000	0.000	-	-	0.0147428226099056	0.008	0.005	0.003	0.000
PLXNB1	0.003	0.003	0.000	0.000	-	-	0.0146992562869997	0.005	0.005	0.000	0.000
SSH1	0.003	0.003	0.000	0.000	-	-	0.0145175095841923	0.008	0.008	0.000	0.000
NUMB	0.003	0.003	0.000	0.000	-	-	0.0144716430119646	0.005	0.005	0.000	0.000
WWP1	0.008	0.005	0.000	0.003	-	-	0.0143857346646418	0.016	0.011	0.000	0.005
MSN	0.003	0.003	0.000	0.000	CC	PC	0.0143163664897525	0.005	0.003	0.000	0.003
PTN	0.003	0.003	0.000	0.000	-	-	0.0141731061636488	0.005	0.005	0.000	0.000
WT1	0.003	0.003	0.000	0.000	CC	PC	0.0141706573187514	0.011	0.005	0.000	0.005
FZR1	0.005	0.005	0.000	0.000	-	-	0.0139987301416953	0.011	0.011	0.000	0.000
MBD1	0.005	0.005	0.000	0.000	-	-	0.0138801199472434	0.018	0.018	0.000	0.000
ADCY8	0.005	0.005	0.000	0.000	-	-	0.0138266152134693	0.026	0.024	0.000	0.003
KRT5	0.003	0.003	0.000	0.000	-	-	0.013816886856127	0.003	0.003	0.000	0.000
TLE4	0.003	0.003	0.000	0.000	-	-	0.0136418871012068	0.005	0.005	0.000	0.000
MMP16	0.003	0.003	0.000	0.000	-	-	0.0133411262015092	0.024	0.016	0.000	0.008
NCOA4	0.005	0.005	0.000	0.000	CC	PC	0.0130840642683341	0.011	0.011	0.000	0.000
CDC25B	0.003	0.003	0.000	0.000	-	-	0.0130505021534123	0.005	0.005	0.000	0.000
GRM4	0.003	0.003	0.000	0.000	-	-	0.0129771160685753	0.008	0.005	0.003	0.000
SH3GL2	0.003	0.003	0.000	0.000	-	-	0.0129390121927811	0.005	0.003	0.000	0.003
CNTNAP1	0.003	0.003	0.000	0.000	-	-	0.0128197835440574	0.011	0.011	0.000	0.000
AMPH	0.003	0.003	0.000	0.000	-	PC	0.0127936041831014	0.013	0.011	0.000	0.003
OSM	0.003	0.003	0.000	0.000	-	-	0.012634043847472	0.005	0.005	0.000	0.000
CNOT2	0.003	0.003	0.000	0.000	-	-	0.012555642621497	0.016	0.005	0.000	0.011
MYO18B	0.003	0.003	0.000	0.000	-	-	0.0123956930503395	0.032	0.029	0.000	0.003
SIRT2	0.003	0.003	0.000	0.000	-	-	0.0122706842407552	0.008	0.003	0.000	0.005
FGG	0.003	0.003	0.000	0.000	-	-	0.0121840702827529	0.008	0.008	0.000	0.000
TNKS1BP1	0.003	0.003	0.000	0.000	-	-	0.0121253122143891	0.018	0.018	0.000	0.000
SV2A	0.003	0.003	0.000	0.000	-	-	0.0120917120442437	0.021	0.011	0.000	0.013
ALDH1A3	0.003	0.003	0.000	0.000	-	-	0.0120045876460652	0.003	0.003	0.000	0.000
MYO9A	0.003	0.003	0.000	0.000	-	-	0.0119860636690812	0.029	0.026	0.000	0.003
IFNG	0.003	0.003	0.000	0.003	-	-	0.0119426833408832	0.008	0.003	0.000	0.008
TPO	0.003	0.003	0.000	0.000	-	-	0.0119409972555344	0.026	0.026	0.000	0.000
TRIM22	0.003	0.003	0.000	0.000	-	-	0.011847360336909	0.005	0.003	0.003	0.000
APC2	0.003	0.003	0.000	0.000	-	-	0.0118108634212447	0.008	0.008	0.000	0.000
RIF1	0.003	0.003	0.000	0.000	-	-	0.0117177348410153	0.013	0.013	0.000	0.000
ZMYM3	0.005	0.005	0.000	0.000	-	-	0.0116912930628785	0.024	0.021	0.000	0.003
RASD2	0.003	0.003	0.000	0.000	-	-	0.0115427103658429	0.005	0.005	0.000	0.000
SNRPG	0.003	0.003	0.000	0.000	-	-	0.0115360113867304	0.003	0.003	0.000	0.000
ZNFX1	0.003	0.003	0.000	0.000	-	-	0.0115017745042152	0.018	0.018	0.000	0.000
CACNG2	0.003	0.003	0.000	0.000	-	-	0.0114923922512075	0.003	0.003	0.000	0.000
JAM2	0.003	0.003	0.000	0.000	-	-	0.0114741009349617	0.008	0.005	0.000	0.003
PAX9	0.003	0.003	0.000	0.000	-	-	0.0114244372937624	0.011	0.008	0.000	0.003
MYO9B	0.003	0.003	0.000	0.000	-	-	0.011405099942842	0.013	0.013	0.000	0.000
LPA	0.003	0.003	0.000	0.000	-	-	0.0114047513931794	0.021	0.021	0.000	0.000
PPP2R5A	0.003	0.000	0.003	0.000	-	-	0.0112312331480837	0.008	0.003	0.003	0.003
ESRRA	0.003	0.003	0.000	0.000	-	-	0.0111525339971285	0.005	0.005	0.000	0.000
CHRNG	0.003	0.000	0.003	0.000	-	-	0.0110877849513319	0.011	0.003	0.008	0.000
MED16	0.003	0.003	0.000	0.000	-	-	0.011063058473224	0.011	0.011	0.000	0.000
SCD5	0.003	0.003	0.000	0.000	-	-	0.0109645770568632	0.003	0.003	0.000	0.000
CCNF	0.003	0.003	0.000	0.000	-	-	0.0109217682874688	0.005	0.005	0.000	0.000
TNFAIP6	0.003	0.003	0.000	0.000	-	-	0.0107613265487622	0.003	0.003	0.000	0.000
CX3CL1	0.003	0.003	0.000	0.000	-	-	0.0107397315381329	0.013	0.013	0.000	0.000
RUNX3	0.003	0.003	0.000	0.000	-	-	0.0106526916748918	0.003	0.003	0.000	0.000
NOS3	0.003	0.003	0.000	0.000	-	-	0.0106364649624099	0.018	0.018	0.000	0.000
DOK1	0.003	0.003	0.000	0.000	-	-	0.0105965787870264	0.003	0.003	0.000	0.000
TFDP1	0.003	0.003	0.000	0.000	-	PC	0.0105645157235378	0.003	0.003	0.000	0.000
PF4	0.003	0.000	0.000	0.003	-	-	0.0105409577700102	0.008	0.003	0.000	0.005
TBL1XR1	0.003	0.000	0.000	0.003	-	PC	0.0104983323889733	0.011	0.008	0.000	0.003
MAML3	0.003	0.003	0.000	0.000	-	-	0.0102843086736821	0.016	0.016	0.000	0.000
LHX1	0.003	0.003	0.000	0.000	-	-	0.0101660978200755	0.005	0.005	0.000	0.000
TBXA2R	0.003	0.003	0.000	0.000	-	-	0.0101068159593674	0.005	0.005	0.000	0.000
SERPINB5	0.003	0.003	0.000	0.000	-	-	0.0100550407844445	0.008	0.008	0.000	0.000
PDK1	0.003	0.003	0.000	0.000	-	-	0.010010773816219	0.003	0.003	0.000	0.000
SMARCD2	0.003	0.003	0.000	0.000	-	-	0.00997107363551752	0.005	0.005	0.000	0.000
GSN	0.003	0.003	0.000	0.000	-	-	0.00971366820335441	0.003	0.003	0.000	0.000
LRP3	0.003	0.003	0.000	0.000	-	-	0.00971193117678512	0.003	0.003	0.000	0.000
BMI1	0.003	0.003	0.000	0.000	-	-	0.00930946439929008	0.008	0.005	0.000	0.003
ANKRA2	0.003	0.003	0.000	0.000	-	-	0.00928391785223306	0.003	0.003	0.000	0.000
IL4R	0.003	0.003	0.000	0.000	-	-	0.00918901575883599	0.011	0.008	0.000	0.003
NUCB2	0.003	0.003	0.000	0.000	-	-	0.0091027699917228	0.003	0.003	0.000	0.000
HNRNPC	0.003	0.003	0.000	0.000	-	-	0.00896596839111871	0.003	0.003	0.000	0.000
MYBL1	0.003	0.003	0.000	0.000	-	-	0.00880302547938393	0.011	0.005	0.000	0.005
FZD1	0.003	0.003	0.000	0.000	-	-	0.00860469237766401	0.005	0.005	0.000	0.000
HOXA2	0.003	0.003	0.000	0.000	-	-	0.00858553981357422	0.011	0.005	0.000	0.005
CX3CR1	0.003	0.003	0.000	0.000	-	-	0.00856511446246187	0.011	0.008	0.000	0.003
MED29	0.003	0.003	0.000	0.000	-	-	0.00855724166896631	0.003	0.003	0.000	0.000
MX1	0.003	0.003	0.000	0.000	-	-	0.00817464828641702	0.008	0.008	0.000	0.000
HLA-DRA	0.003	0.003	0.000	0.000	-	-	0.00815413558707179	0.008	0.005	0.003	0.000
MGP	0.003	0.003	0.000	0.000	-	-	0.0081206036805423	0.005	0.005	0.000	0.000
IKZF2	0.003	0.003	0.000	0.000	-	-	0.0080575360528604	0.016	0.013	0.003	0.000
CAPN3	0.003	0.003	0.000	0.000	-	-	0.00794391465975715	0.013	0.013	0.000	0.000
F12	0.003	0.003	0.000	0.000	-	-	0.00783239006595702	0.005	0.005	0.000	0.000
KIF3A	0.003	0.003	0.000	0.000	-	-	0.00780350231941267	0.005	0.003	0.000	0.003
FLI1	0.003	0.003	0.000	0.000	CC	-	0.0077326541673129	0.003	0.003	0.000	0.000
KRT1	0.003	0.003	0.000	0.000	-	-	0.00770559857306069	0.005	0.005	0.000	0.000
TLK1	0.003	0.003	0.000	0.000	-	-	0.00746300680986512	0.005	0.005	0.000	0.000
NUP214	0.003	0.003	0.000	0.000	CC	PC	0.00737927245458177	0.011	0.011	0.000	0.000
CD163	0.003	0.003	0.000	0.000	-	-	0.00736909926557293	0.024	0.024	0.000	0.000
TSC2	0.003	0.003	0.000	0.000	CC	PC	0.00733739501843884	0.013	0.013	0.000	0.000
LRRC59	0.003	0.003	0.000	0.000	-	-	0.00721749796601232	0.003	0.003	0.000	0.000
MBD3	0.003	0.003	0.000	0.000	-	-	0.00721527138600438	0.003	0.003	0.000	0.000
RALGDS	0.003	0.003	0.000	0.000	CC	-	0.00715920747077383	0.005	0.005	0.000	0.000
FOXM1	0.003	0.003	0.000	0.000	-	-	0.00715884059027807	0.011	0.011	0.000	0.000
MSH6	0.003	0.003	0.000	0.000	CC	-	0.00702572307093689	0.008	0.008	0.000	0.000
XPA	0.003	0.003	0.000	0.000	CC	-	0.0070162906029776	0.005	0.005	0.000	0.000
ASAH1	0.003	0.003	0.000	0.000	-	-	0.00696222534176303	0.024	0.008	0.016	0.000
SUPT5H	0.003	0.003	0.000	0.000	-	-	0.00693157343657694	0.018	0.016	0.000	0.003
RFXANK	0.003	0.003	0.000	0.000	-	-	0.00688418404496079	0.003	0.003	0.000	0.000
FRS3	0.003	0.003	0.000	0.000	-	-	0.00684376774509127	0.011	0.008	0.000	0.003
CETN2	0.003	0.000	0.000	0.003	-	-	0.00679801177735987	0.011	0.005	0.000	0.005
HAX1	0.003	0.000	0.000	0.003	-	-	0.00678348782899509	0.011	0.005	0.000	0.005
BRWD1	0.003	0.003	0.000	0.000	-	-	0.00667525649837781	0.029	0.029	0.000	0.000
LASP1	0.003	0.003	0.000	0.000	CC	-	0.00661288659309058	0.011	0.008	0.000	0.003
CLCA1	0.003	0.003	0.000	0.000	-	-	0.00658989059281543	0.005	0.005	0.000	0.000
EPS15L1	0.003	0.003	0.000	0.000	-	-	0.00658387412301367	0.003	0.003	0.000	0.000
RANGAP1	0.003	0.003	0.000	0.000	-	-	0.00653482263579351	0.008	0.008	0.000	0.000
GRIK2	0.003	0.000	0.003	0.000	-	-	0.00646792142011807	0.018	0.013	0.005	0.000
LIG4	0.003	0.003	0.000	0.000	-	-	0.00642451151609327	0.011	0.011	0.000	0.000
NUPR1	0.003	0.000	0.000	0.003	-	-	0.00631937357851248	0.003	0.000	0.000	0.003
TLX1	0.003	0.003	0.000	0.000	CC	-	0.00626159179808905	0.005	0.005	0.000	0.000
LTBP1	0.003	0.003	0.000	0.000	-	-	0.00625216043806401	0.018	0.018	0.000	0.000
EDN2	0.003	0.003	0.000	0.000	-	-	0.00616516861500968	0.008	0.005	0.000	0.003
ARHGEF1	0.003	0.003	0.000	0.000	-	-	0.00605275201105258	0.021	0.021	0.000	0.000
GRIK5	0.003	0.003	0.000	0.000	-	-	0.0060356313077567	0.008	0.008	0.000	0.000
NSMAF	0.003	0.003	0.000	0.000	-	-	0.00601869112039295	0.018	0.011	0.003	0.005
MAP3K4	0.003	0.003	0.000	0.000	-	PC	0.00601769491573958	0.011	0.011	0.000	0.000
HOXC13	0.003	0.003	0.000	0.003	CC	-	0.0059923020831772	0.003	0.003	0.000	0.003
CHRM4	0.003	0.003	0.000	0.000	-	-	0.0059369068785609	0.005	0.005	0.000	0.000
MAML2	0.003	0.003	0.000	0.000	CC	-	0.00590480344006755	0.016	0.016	0.000	0.000
GRK6	0.003	0.003	0.000	0.000	-	-	0.0058433772013962	0.008	0.008	0.000	0.000
PCSK2	0.003	0.003	0.000	0.000	-	-	0.00576541146339061	0.008	0.008	0.000	0.000
WDR77	0.003	0.003	0.000	0.000	-	-	0.00552718283980586	0.005	0.005	0.000	0.000
PEG3	0.003	0.003	0.000	0.000	-	-	0.0055150710818238	0.016	0.016	0.000	0.000
RAPGEF1	0.003	0.003	0.000	0.000	-	-	0.00547555524272583	0.008	0.008	0.000	0.000
ACD	0.003	0.003	0.000	0.000	-	-	0.00531235118788562	0.008	0.008	0.000	0.000
ZNF395	0.003	0.003	0.000	0.000	-	-	0.00510785951244947	0.024	0.005	0.018	0.000
TFDP3	0.003	0.003	0.000	0.000	-	-	0.00500331729511646	0.008	0.005	0.000	0.003
ANAPC1	0.003	0.003	0.000	0.000	-	PC	0.00499098514131169	0.021	0.021	0.000	0.000
AGTR1	0.003	0.003	0.000	0.000	-	-	0.00496200615759675	0.005	0.005	0.000	0.000
GRM1	0.003	0.003	0.000	0.000	-	-	0.00492367830771966	0.026	0.026	0.000	0.003
RUNX1T1	0.003	0.003	0.000	0.000	-	-	0.00490179582704266	0.021	0.016	0.000	0.005
CLTC	0.003	0.003	0.000	0.000	CC	PC	0.00487323449779734	0.013	0.013	0.000	0.000
HGF	0.003	0.003	0.000	0.000	-	PC	0.00485180374703976	0.008	0.008	0.000	0.000
APPL2	0.003	0.003	0.000	0.000	-	-	0.00465983606935544	0.013	0.013	0.000	0.000
CDC27	0.003	0.003	0.000	0.000	-	-	0.00455612870855325	0.013	0.013	0.000	0.000
ABCB1	0.003	0.003	0.000	0.000	-	PC	0.00455062028409826	0.018	0.018	0.000	0.003
ANAPC5	0.003	0.003	0.000	0.000	-	-	0.00430984624147253	0.011	0.011	0.000	0.000
DTX2	0.003	0.003	0.000	0.000	-	-	0.00413500893947385	0.013	0.011	0.003	0.000
DTX4	0.003	0.003	0.000	0.000	-	-	0.0040662756398162	0.005	0.005	0.000	0.000
CREB3L2	0.003	0.003	0.000	0.000	CC	-	0.00404417056620195	0.003	0.003	0.000	0.000
FZD6	0.003	0.003	0.000	0.000	-	-	0.0040423808096772	0.024	0.013	0.000	0.011
SP4	0.003	0.003	0.000	0.000	-	-	0.00402470070531021	0.018	0.011	0.000	0.008
RERE	0.003	0.003	0.000	0.000	-	-	0.0037831980346309	0.026	0.026	0.000	0.000
EIF4EBP1	0.003	0.000	0.000	0.003	-	-	0.00369690586127441	0.024	0.003	0.008	0.013
PRPF3	0.003	0.000	0.000	0.003	-	-	0.0036504537859671	0.018	0.005	0.000	0.013
FBN1	0.003	0.003	0.000	0.000	-	-	0.00356372849554095	0.045	0.045	0.000	0.000
NFATC3	0.003	0.003	0.000	0.000	-	-	0.00352404787352285	0.005	0.005	0.000	0.000
TAOK3	0.003	0.000	0.000	0.003	-	-	0.00343431205813211	0.005	0.003	0.000	0.003
HSF1	0.003	0.003	0.000	0.000	-	-	0.00333246036459617	0.016	0.013	0.000	0.003
TJP1	0.003	0.003	0.000	0.000	-	-	0.00332861221834905	0.011	0.011	0.000	0.000
PKN2	0.003	0.003	0.000	0.000	-	-	0.00331873737749301	0.008	0.008	0.000	0.000
MED17	0.003	0.003	0.000	0.000	-	PC	0.00319939575006259	0.005	0.005	0.000	0.000
TLR9	0.003	0.003	0.000	0.000	-	-	0.0031375962265377	0.005	0.005	0.000	0.000
POMC	0.003	0.003	0.000	0.000	-	-	0.00307341959180786	0.003	0.003	0.000	0.000
EPB41L1	0.003	0.003	0.000	0.000	-	-	0.00305105017993937	0.013	0.013	0.000	0.000
MED8	0.003	0.003	0.000	0.000	-	-	0.00304243837241032	0.003	0.003	0.000	0.000
VAV2	0.003	0.003	0.000	0.000	-	-	0.0029537018599815	0.005	0.005	0.000	0.000
CCNH	0.003	0.003	0.000	0.000	-	-	0.00280547294596501	0.005	0.005	0.000	0.000
SPRY1	0.003	0.003	0.000	0.000	-	-	0.00279173534183639	0.003	0.003	0.000	0.000
CHEK1	0.003	0.003	0.000	0.000	-	-	0.00278885346736565	0.005	0.005	0.000	0.000
CLDN1	0.003	0.003	0.000	0.000	-	-	0.00273140577566303	0.003	0.003	0.000	0.000
BPY2	0.003	0.000	0.003	0.000	-	-	0.00272104299344636	0.090	0.000	0.084	0.005
