GENE	DRIVER_FREQUENCY	DRIVER_SNV_FREQUENCY	DRIVER_DELTION_FREQUENCY	DRIVER_AMPLIFICATION_FREQUENCY	CANCER_CENSUS	PAN_CANCER	IMPACT	MUTATION_FREQUENCY	SNV_FREQUENCY	DELTION_FREQUENCY	AMPLIFICATION_FREQUENCY
TP53	0.482	0.482	0.000	0.000	CC	PC	191.306806208369	0.482	0.482	0.000	0.000
PCDHGC5	0.467	0.467	0.000	0.000	-	-	137.599039626558	0.485	0.485	0.000	0.000
TTN	0.454	0.454	0.000	0.000	-	-	117.393120574017	0.476	0.476	0.000	0.000
KRAS	0.301	0.292	0.000	0.015	CC	PC	78.4979112977784	0.303	0.294	0.000	0.015
RYR2	0.265	0.263	0.000	0.004	-	-	64.4240336903202	0.358	0.356	0.000	0.004
TNR	0.128	0.128	0.000	0.002	-	-	54.0354583684536	0.164	0.164	0.000	0.002
LAMA2	0.111	0.111	0.000	0.000	-	-	53.8941897865659	0.113	0.113	0.000	0.000
APOB	0.162	0.162	0.000	0.000	-	-	53.1082155141731	0.179	0.179	0.000	0.000
COL11A1	0.117	0.117	0.000	0.002	-	-	48.6591296980083	0.170	0.170	0.000	0.002
DMD	0.119	0.119	0.000	0.000	-	PC	47.555087756707	0.131	0.131	0.000	0.000
LAMA1	0.084	0.084	0.000	0.002	-	-	45.7887143086408	0.102	0.102	0.000	0.004
LRP2	0.117	0.117	0.000	0.002	-	-	45.531102222821	0.131	0.131	0.000	0.002
NRXN1	0.122	0.119	0.000	0.002	-	-	44.5549337111898	0.144	0.142	0.000	0.002
RELN	0.102	0.097	0.000	0.004	-	-	42.7418594627617	0.155	0.150	0.000	0.004
VCAN	0.115	0.115	0.000	0.000	-	-	39.198738501884	0.144	0.144	0.000	0.000
PCDHAC2	0.153	0.153	0.000	0.000	-	-	39.0987987365734	0.425	0.425	0.000	0.000
KDR	0.073	0.071	0.000	0.004	CC	-	38.2368867086176	0.077	0.075	0.000	0.004
PDGFRA	0.073	0.073	0.000	0.000	CC	PC	36.9365554608916	0.084	0.084	0.000	0.000
EGFR	0.137	0.128	0.000	0.029	CC	PC	33.0195849284147	0.139	0.131	0.000	0.029
LRP1B	0.148	0.148	0.000	0.000	-	-	32.9341569737068	0.319	0.319	0.000	0.000
CACNA1E	0.139	0.137	0.000	0.002	-	-	31.4079881499573	0.159	0.157	0.000	0.002
ITGA8	0.084	0.084	0.000	0.000	-	-	28.7361648506054	0.097	0.097	0.000	0.000
TIAM1	0.060	0.060	0.000	0.000	-	-	28.5954373205496	0.091	0.091	0.000	0.000
PLCB1	0.069	0.069	0.000	0.000	-	-	27.0527210518688	0.080	0.080	0.000	0.000
ACTN2	0.071	0.066	0.000	0.004	-	-	26.1675259787953	0.071	0.066	0.000	0.004
GLI3	0.069	0.062	0.000	0.007	-	-	24.9738606197732	0.077	0.071	0.000	0.007
GRIN2B	0.102	0.095	0.002	0.004	-	-	24.0958788173379	0.122	0.115	0.002	0.004
COL6A3	0.058	0.058	0.000	0.000	-	-	23.8148055698487	0.122	0.122	0.000	0.000
LAMA4	0.049	0.049	0.000	0.000	-	-	23.7956667913336	0.064	0.064	0.000	0.000
PIK3CA	0.062	0.062	0.000	0.004	CC	PC	23.793431178206	0.064	0.064	0.000	0.004
PRKCB	0.035	0.035	0.000	0.000	-	-	23.5813431539294	0.044	0.044	0.000	0.000
PLG	0.046	0.046	0.000	0.000	-	-	22.8767178002756	0.055	0.055	0.000	0.000
PTPRB	0.058	0.051	0.000	0.007	-	-	21.9022179869825	0.084	0.069	0.000	0.015
FLNC	0.046	0.046	0.000	0.000	-	-	21.8319968841927	0.080	0.080	0.000	0.000
PIK3CG	0.046	0.042	0.000	0.004	-	PC	21.6449716785694	0.055	0.051	0.000	0.004
GLI1	0.044	0.038	0.000	0.007	-	-	21.3166819343381	0.055	0.046	0.000	0.009
PLCG2	0.031	0.031	0.000	0.000	-	-	21.2927725379111	0.033	0.033	0.000	0.000
NOTCH4	0.049	0.049	0.000	0.000	-	-	21.1862114730201	0.093	0.093	0.000	0.000
LAMB1	0.055	0.053	0.000	0.004	-	-	20.4506822506662	0.064	0.062	0.000	0.004
NOS1	0.040	0.040	0.000	0.000	-	-	19.864424234327	0.053	0.053	0.000	0.000
AKAP6	0.042	0.038	0.000	0.007	-	-	19.4836155590187	0.100	0.082	0.000	0.022
ACTB	0.022	0.013	0.002	0.007	-	-	18.9994414133209	0.029	0.018	0.002	0.009
NFKBIA	0.029	0.000	0.000	0.029	-	-	18.9359755145243	0.062	0.004	0.000	0.058
CREBBP	0.038	0.038	0.000	0.000	CC	-	18.8820907433071	0.053	0.053	0.000	0.000
CTNNA2	0.051	0.051	0.000	0.000	-	-	18.4992557549457	0.104	0.104	0.000	0.000
ATM	0.044	0.044	0.000	0.000	CC	PC	18.1237815518489	0.082	0.082	0.000	0.000
ANK2	0.064	0.064	0.000	0.000	-	-	18.1194964088167	0.204	0.204	0.000	0.000
ITGA4	0.044	0.040	0.000	0.004	-	-	16.9105902580428	0.066	0.062	0.000	0.004
RB1	0.029	0.024	0.004	0.000	CC	PC	16.7798117561149	0.044	0.040	0.004	0.000
ERBB2	0.029	0.018	0.000	0.011	CC	PC	16.7742622120814	0.033	0.020	0.000	0.013
EPHB1	0.038	0.038	0.000	0.000	-	-	16.665052933833	0.066	0.066	0.000	0.000
RYR1	0.051	0.049	0.000	0.002	-	-	15.849246311482	0.164	0.155	0.000	0.011
NID1	0.031	0.031	0.000	0.000	-	-	15.7471505337929	0.069	0.064	0.000	0.004
ITGA10	0.033	0.027	0.000	0.009	-	-	15.2175751290511	0.058	0.049	0.000	0.011
GLI2	0.035	0.033	0.000	0.002	-	-	15.2149850172056	0.046	0.042	0.000	0.004
NOS2	0.033	0.031	0.000	0.002	-	-	13.9483206076519	0.040	0.038	0.000	0.002
SMAD4	0.035	0.033	0.002	0.000	-	PC	13.7799291058774	0.049	0.046	0.002	0.000
NPR1	0.035	0.033	0.000	0.002	-	-	13.6440476493269	0.038	0.033	0.000	0.004
ERBB4	0.033	0.033	0.000	0.000	-	-	13.3628146086648	0.073	0.073	0.000	0.000
RASGRF2	0.020	0.020	0.000	0.000	-	-	13.3471061437931	0.031	0.031	0.000	0.000
LAMA3	0.031	0.029	0.000	0.002	-	-	13.2080462941222	0.064	0.055	0.000	0.011
NOTCH1	0.027	0.027	0.000	0.000	CC	PC	12.3081953994495	0.040	0.040	0.000	0.000
MMRN1	0.020	0.020	0.000	0.000	-	-	12.0958999461723	0.080	0.080	0.000	0.000
LYN	0.020	0.009	0.000	0.011	-	PC	11.8697199214375	0.022	0.011	0.000	0.011
CTNNB1	0.035	0.035	0.000	0.000	CC	PC	11.8614896509076	0.040	0.040	0.000	0.000
LRP1	0.042	0.038	0.000	0.004	-	-	11.2630486476371	0.066	0.062	0.000	0.004
SOS1	0.029	0.029	0.000	0.000	-	PC	11.1837071396025	0.029	0.029	0.000	0.000
NPR3	0.049	0.024	0.000	0.027	-	-	11.1692157141588	0.055	0.029	0.000	0.029
RXRG	0.029	0.024	0.000	0.004	-	-	11.1133504889815	0.033	0.029	0.000	0.004
MET	0.031	0.024	0.000	0.007	CC	-	10.9795298008834	0.038	0.029	0.000	0.009
UTRN	0.020	0.020	0.000	0.000	-	-	10.9141803208409	0.053	0.053	0.000	0.000
CNTN1	0.029	0.029	0.000	0.000	-	-	10.9095702501951	0.058	0.058	0.000	0.000
CCNE1	0.011	0.002	0.000	0.009	CC	-	10.6950248462744	0.027	0.009	0.000	0.018
EPHA3	0.046	0.044	0.002	0.000	-	-	10.5534168467711	0.080	0.077	0.002	0.000
ROCK1	0.020	0.020	0.000	0.000	-	-	10.5424135420373	0.033	0.033	0.000	0.000
HSPG2	0.027	0.027	0.000	0.000	-	-	10.5406872399024	0.049	0.049	0.000	0.000
ITGAM	0.022	0.022	0.000	0.000	-	-	10.5366062631521	0.046	0.046	0.000	0.000
MYC	0.022	0.000	0.000	0.022	CC	-	10.496472332136	0.046	0.007	0.000	0.040
RYR3	0.029	0.029	0.000	0.000	-	-	10.4118546939157	0.164	0.164	0.000	0.000
PLCG1	0.009	0.009	0.000	0.000	-	PC	10.3922329498459	0.018	0.018	0.000	0.000
CACNA1C	0.049	0.046	0.000	0.002	-	-	10.3741381485688	0.091	0.086	0.000	0.004
FLT1	0.027	0.024	0.000	0.002	-	-	10.114607727379	0.051	0.049	0.000	0.002
COL1A2	0.018	0.018	0.000	0.000	-	-	10.0683368186601	0.064	0.062	0.000	0.002
NEB	0.071	0.071	0.000	0.000	-	PC	9.85328217726517	0.115	0.115	0.000	0.000
FAT1	0.027	0.027	0.000	0.000	-	-	9.60232630427997	0.113	0.113	0.000	0.000
COL5A2	0.024	0.024	0.000	0.000	-	-	9.47494302220468	0.082	0.082	0.000	0.002
CTNND2	0.049	0.044	0.000	0.011	-	-	9.44949603906646	0.117	0.100	0.000	0.027
LRP5	0.022	0.022	0.000	0.000	-	-	9.44080817381225	0.027	0.027	0.000	0.000
FGF6	0.013	0.009	0.000	0.004	-	-	9.2249153446001	0.020	0.015	0.000	0.004
TNC	0.029	0.029	0.000	0.000	-	-	9.19579112536305	0.044	0.044	0.000	0.000
PIK3C3	0.015	0.013	0.000	0.002	-	-	9.00274372630264	0.024	0.020	0.000	0.004
PLXNA4	0.080	0.080	0.000	0.000	-	-	8.95636467275912	0.102	0.102	0.000	0.000
EPHA4	0.015	0.015	0.000	0.000	-	-	8.93230380703456	0.029	0.029	0.000	0.000
COL14A1	0.024	0.020	0.000	0.004	-	-	8.81368314673305	0.093	0.084	0.000	0.011
JUN	0.013	0.007	0.002	0.004	CC	-	8.80194531855375	0.013	0.007	0.002	0.004
MMP2	0.024	0.024	0.000	0.000	-	PC	8.79042490216689	0.044	0.044	0.000	0.000
JAK2	0.020	0.018	0.002	0.000	CC	PC	8.73955463420541	0.033	0.029	0.002	0.002
SLIT2	0.069	0.066	0.000	0.002	-	-	8.64261899860488	0.095	0.093	0.000	0.002
BRAF	0.031	0.031	0.000	0.000	CC	PC	8.57829070699948	0.073	0.073	0.000	0.002
NTRK1	0.011	0.007	0.000	0.004	CC	-	8.51671802783444	0.022	0.015	0.000	0.007
ANK1	0.046	0.038	0.002	0.009	-	-	8.34837642004559	0.091	0.077	0.002	0.013
ERBB3	0.018	0.018	0.000	0.000	-	-	8.30900394619584	0.020	0.020	0.000	0.000
SPTA1	0.201	0.199	0.000	0.007	-	-	8.14017451245583	0.254	0.252	0.000	0.007
ANGPT1	0.020	0.011	0.000	0.011	-	-	8.0213581935284	0.035	0.027	0.000	0.011
KRT1	0.009	0.009	0.000	0.000	-	-	7.98127997268452	0.027	0.027	0.000	0.000
ACTN4	0.015	0.007	0.000	0.009	-	-	7.97879365222673	0.018	0.009	0.000	0.011
GRM3	0.018	0.018	0.000	0.000	-	-	7.87370388825386	0.042	0.042	0.000	0.000
DSG3	0.031	0.031	0.000	0.000	-	-	7.83738554154597	0.062	0.055	0.000	0.007
FLNA	0.031	0.027	0.000	0.004	-	-	7.78652971303106	0.055	0.049	0.000	0.007
PLCE1	0.029	0.029	0.000	0.000	-	-	7.68872879647244	0.044	0.044	0.000	0.000
WT1	0.020	0.020	0.000	0.000	CC	PC	7.66782806621066	0.024	0.024	0.000	0.000
RAP1B	0.029	0.004	0.000	0.024	-	-	7.65563672692011	0.031	0.004	0.000	0.027
PI4KA	0.020	0.018	0.000	0.002	-	-	7.48107980096378	0.031	0.027	0.000	0.004
FBN2	0.031	0.031	0.000	0.000	-	PC	7.47776540972271	0.175	0.173	0.000	0.002
ARHGEF6	0.022	0.015	0.000	0.007	-	PC	7.25276980489477	0.049	0.038	0.000	0.011
HLA-DRB1	0.027	0.000	0.000	0.027	-	-	7.25021676116854	0.162	0.000	0.000	0.162
NCOR2	0.011	0.011	0.000	0.000	-	PC	7.22433508284616	0.053	0.053	0.000	0.000
INPP5D	0.013	0.013	0.000	0.000	-	-	7.20951622929685	0.042	0.042	0.000	0.000
PIK3CB	0.022	0.022	0.000	0.000	-	PC	7.18973139907814	0.027	0.027	0.000	0.000
PIK3R5	0.013	0.011	0.002	0.000	-	-	7.17638897795763	0.024	0.022	0.002	0.000
RASGRP4	0.015	0.009	0.000	0.007	-	-	7.13191454490145	0.029	0.018	0.000	0.011
AKT2	0.018	0.011	0.000	0.007	CC	-	7.08010134182824	0.022	0.013	0.000	0.009
DAB1	0.015	0.013	0.002	0.000	-	-	6.95117305725943	0.042	0.038	0.002	0.002
THBS2	0.009	0.009	0.000	0.000	-	-	6.94165706038412	0.064	0.064	0.000	0.000
COL22A1	0.020	0.015	0.000	0.004	-	-	6.80673589130521	0.106	0.100	0.000	0.007
ITGA6	0.007	0.007	0.000	0.000	-	PC	6.77757609126932	0.015	0.015	0.000	0.000
LAMC3	0.020	0.020	0.000	0.000	-	-	6.76586229930921	0.044	0.044	0.000	0.000
PTPRD	0.046	0.046	0.000	0.000	-	-	6.70780889890276	0.170	0.166	0.002	0.002
ARID1A	0.018	0.018	0.000	0.000	CC	PC	6.66454138308716	0.086	0.086	0.000	0.000
BRCA1	0.020	0.020	0.000	0.000	CC	PC	6.66122728425055	0.044	0.042	0.000	0.002
LAMC1	0.015	0.013	0.000	0.002	-	-	6.6169738036651	0.046	0.044	0.000	0.002
ITGAL	0.018	0.018	0.000	0.002	-	-	6.54168598841117	0.058	0.055	0.000	0.004
GRIN2A	0.040	0.040	0.000	0.000	-	-	6.50809525439552	0.097	0.097	0.000	0.000
FRS2	0.031	0.011	0.000	0.020	-	-	6.45139009868521	0.046	0.020	0.000	0.029
PIK3C2G	0.009	0.007	0.000	0.002	-	-	6.41780155884639	0.038	0.033	0.000	0.004
PRKD1	0.013	0.004	0.000	0.009	-	-	6.36844510679306	0.062	0.044	0.000	0.018
FGF10	0.018	0.004	0.000	0.013	-	-	6.36599547273964	0.044	0.020	0.000	0.024
EPHA5	0.018	0.018	0.000	0.000	-	-	6.34966740579608	0.122	0.119	0.000	0.002
GRB2	0.015	0.013	0.000	0.002	-	-	6.33999534899587	0.020	0.018	0.000	0.002
PPFIBP1	0.009	0.009	0.000	0.000	-	-	6.33468813709751	0.022	0.011	0.000	0.011
RAC2	0.004	0.000	0.000	0.004	-	-	6.2351262280754	0.007	0.002	0.000	0.004
IL2RB	0.004	0.002	0.000	0.004	-	-	6.2351262280754	0.015	0.013	0.000	0.004
NCOA2	0.013	0.011	0.000	0.002	CC	-	6.22045972765215	0.046	0.033	0.000	0.013
MLLT4	0.018	0.018	0.000	0.000	CC	PC	6.17764787700239	0.024	0.024	0.000	0.000
RHOA	0.009	0.009	0.000	0.000	-	PC	6.10285022307144	0.009	0.009	0.000	0.000
FYN	0.015	0.015	0.000	0.000	-	-	5.99007245036976	0.015	0.015	0.000	0.000
TNNI1	0.004	0.002	0.000	0.002	-	-	5.93349349594533	0.015	0.009	0.000	0.007
LCK	0.009	0.009	0.000	0.000	CC	-	5.89966959749968	0.013	0.013	0.000	0.000
PRKCG	0.020	0.020	0.000	0.000	-	-	5.89056372643227	0.031	0.031	0.000	0.000
DSG1	0.020	0.018	0.000	0.002	-	-	5.81528731074825	0.046	0.040	0.000	0.007
CHEK2	0.007	0.007	0.000	0.000	CC	PC	5.78465642203825	0.049	0.049	0.000	0.000
ACAN	0.042	0.042	0.000	0.000	-	-	5.74793187701439	0.091	0.091	0.000	0.000
CAMK2B	0.020	0.013	0.000	0.007	-	-	5.73542393790188	0.033	0.027	0.000	0.007
SVEP1	0.009	0.009	0.000	0.000	-	-	5.69732443191189	0.102	0.102	0.000	0.000
PLCB4	0.018	0.018	0.000	0.000	-	-	5.68709661728369	0.051	0.051	0.000	0.000
ITGB2	0.011	0.011	0.000	0.000	-	-	5.65910653990032	0.015	0.015	0.000	0.000
MYH6	0.013	0.011	0.000	0.002	-	-	5.62173111658027	0.082	0.077	0.000	0.004
RET	0.007	0.007	0.000	0.000	CC	-	5.56847416292829	0.031	0.031	0.000	0.000
ATR	0.011	0.011	0.000	0.000	-	PC	5.55659085572149	0.035	0.035	0.000	0.000
PAK4	0.004	0.002	0.000	0.002	-	-	5.54245706928963	0.020	0.011	0.000	0.011
COL9A1	0.011	0.009	0.002	0.000	-	-	5.52952935802253	0.053	0.051	0.002	0.000
PIK3C2B	0.018	0.015	0.000	0.002	-	-	5.48832236901275	0.064	0.058	0.000	0.007
LAMB2	0.015	0.015	0.000	0.000	-	-	5.37585055149987	0.031	0.031	0.000	0.000
NRXN3	0.020	0.020	0.000	0.000	-	-	5.26977738719612	0.077	0.077	0.000	0.000
HRAS	0.004	0.002	0.002	0.000	CC	PC	5.20590837304392	0.007	0.002	0.004	0.000
FGFR3	0.002	0.000	0.000	0.002	CC	PC	5.14513571663261	0.011	0.009	0.000	0.002
THBS4	0.007	0.007	0.000	0.000	-	-	5.10638006629967	0.011	0.011	0.000	0.000
EPHA6	0.015	0.015	0.000	0.000	-	-	5.0839648938973	0.084	0.084	0.000	0.000
HTT	0.011	0.011	0.000	0.000	-	-	5.07473330526831	0.027	0.027	0.000	0.000
PTK2B	0.013	0.007	0.004	0.002	-	-	5.07358624938279	0.029	0.018	0.011	0.002
PTPRZ1	0.013	0.013	0.000	0.000	-	-	5.06810806353226	0.102	0.102	0.000	0.000
FN1	0.020	0.020	0.000	0.000	-	PC	5.04318532570834	0.033	0.033	0.000	0.000
KCNQ3	0.031	0.020	0.000	0.011	-	-	5.01481003660857	0.033	0.020	0.000	0.013
ROBO2	0.042	0.040	0.002	0.000	-	-	5.00121515366152	0.093	0.091	0.002	0.000
COL4A4	0.011	0.011	0.000	0.000	-	-	4.98435693235344	0.040	0.040	0.000	0.000
FOXA1	0.007	0.000	0.000	0.007	-	PC	4.97060222203377	0.058	0.004	0.000	0.053
NFATC2	0.011	0.007	0.000	0.004	-	-	4.85976253462165	0.038	0.029	0.000	0.009
NOS3	0.011	0.011	0.000	0.000	-	-	4.84612172948521	0.020	0.020	0.000	0.000
CTNNA3	0.004	0.004	0.000	0.000	-	-	4.84513557325559	0.035	0.035	0.000	0.000
ACTC1	0.018	0.018	0.000	0.000	-	-	4.83627766126893	0.029	0.029	0.000	0.000
POLR3B	0.007	0.007	0.000	0.000	-	-	4.75914021181954	0.033	0.033	0.000	0.000
DSP	0.011	0.011	0.000	0.000	-	-	4.74129667902728	0.040	0.038	0.000	0.002
SHC3	0.007	0.007	0.000	0.000	-	-	4.74068457636877	0.018	0.018	0.000	0.000
CACNA1B	0.020	0.020	0.000	0.000	-	-	4.73183848617604	0.055	0.055	0.000	0.000
BLK	0.013	0.009	0.004	0.000	-	-	4.72864207555175	0.031	0.020	0.011	0.000
MCM10	0.004	0.004	0.000	0.000	-	-	4.707008310622	0.013	0.013	0.000	0.000
SDC2	0.011	0.002	0.000	0.009	-	-	4.68928788614633	0.018	0.002	0.000	0.015
ATN1	0.007	0.007	0.000	0.000	-	-	4.66945912499776	0.022	0.018	0.000	0.004
MAPK10	0.007	0.007	0.000	0.000	-	-	4.64403312191019	0.007	0.007	0.000	0.000
PGM5	0.009	0.009	0.000	0.000	-	-	4.64372764995853	0.024	0.024	0.000	0.000
RPSA	0.011	0.011	0.000	0.000	-	-	4.62311697908262	0.046	0.046	0.000	0.000
NFKB1	0.011	0.011	0.000	0.000	-	-	4.59490363804659	0.013	0.013	0.000	0.000
ABL1	0.009	0.009	0.000	0.000	CC	PC	4.59088663676961	0.013	0.013	0.000	0.000
C6	0.066	0.049	0.000	0.018	-	-	4.58042040408119	0.102	0.073	0.000	0.031
GATA1	0.004	0.002	0.000	0.002	CC	-	4.53145083014295	0.015	0.007	0.000	0.009
SMARCA4	0.022	0.022	0.000	0.000	CC	PC	4.47693791228569	0.073	0.071	0.002	0.000
ITGAD	0.022	0.022	0.000	0.000	-	-	4.46480518144141	0.071	0.071	0.000	0.000
VLDLR	0.011	0.007	0.002	0.002	-	-	4.43615126508202	0.011	0.007	0.002	0.002
PTK2	0.009	0.004	0.000	0.004	-	-	4.42605106318785	0.020	0.011	0.000	0.009
RAP2A	0.004	0.000	0.000	0.004	-	-	4.39918204137683	0.009	0.004	0.000	0.004
MYBPC2	0.004	0.004	0.000	0.000	-	-	4.38080984018327	0.015	0.015	0.000	0.000
COL12A1	0.015	0.015	0.000	0.000	-	-	4.37122107685453	0.100	0.100	0.000	0.000
JAK1	0.018	0.018	0.000	0.000	CC	-	4.36564176655522	0.033	0.033	0.000	0.000
TRPC6	0.015	0.013	0.000	0.002	-	-	4.31471937147223	0.042	0.038	0.000	0.004
COL3A1	0.009	0.009	0.000	0.000	-	-	4.29851141605298	0.106	0.104	0.000	0.002
SMAD2	0.009	0.004	0.002	0.002	-	PC	4.2837415898334	0.013	0.009	0.002	0.002
ITGB4	0.009	0.007	0.000	0.002	-	-	4.28257111080702	0.027	0.024	0.000	0.002
ADAMTS12	0.093	0.082	0.000	0.013	-	-	4.27824114006108	0.204	0.179	0.000	0.031
MAPK1	0.004	0.000	0.000	0.004	-	-	4.26318344491936	0.011	0.002	0.000	0.009
BRCA2	0.015	0.015	0.000	0.000	CC	PC	4.2571265808858	0.055	0.055	0.000	0.000
IRS1	0.009	0.009	0.000	0.000	-	-	4.22758963977591	0.040	0.040	0.000	0.000
MYH8	0.031	0.031	0.000	0.000	-	-	4.20804338616856	0.119	0.119	0.000	0.000
CDH10	0.020	0.018	0.000	0.002	-	-	4.13162893071401	0.173	0.159	0.000	0.015
PPARG	0.013	0.013	0.000	0.000	CC	-	4.13049246850212	0.015	0.015	0.000	0.000
EPHB2	0.015	0.015	0.000	0.000	-	-	4.11074728051763	0.022	0.022	0.000	0.000
EPAS1	0.015	0.013	0.000	0.002	-	-	4.09134074564985	0.027	0.024	0.000	0.002
PRKCA	0.009	0.009	0.000	0.000	-	-	4.08519126461856	0.013	0.013	0.000	0.000
USH2A	0.020	0.020	0.000	0.000	-	-	4.07275242078865	0.332	0.330	0.000	0.002
PAPPA2	0.027	0.027	0.000	0.000	-	-	4.06055953375102	0.210	0.208	0.000	0.002
COL19A1	0.011	0.011	0.000	0.000	-	-	4.03183281085358	0.066	0.066	0.000	0.000
IL4R	0.007	0.007	0.000	0.000	-	-	4.00445349091315	0.020	0.020	0.000	0.000
EPHA8	0.011	0.011	0.000	0.000	-	-	4.00092520618227	0.031	0.031	0.000	0.000
PVRL1	0.007	0.007	0.000	0.000	-	-	3.99116376725083	0.027	0.027	0.000	0.000
LOR	0.002	0.002	0.000	0.000	-	-	3.98246968790943	0.011	0.007	0.000	0.004
APP	0.002	0.002	0.000	0.000	-	-	3.98246968790943	0.015	0.015	0.000	0.000
MYLK	0.011	0.011	0.000	0.000	-	-	3.95422896270399	0.040	0.038	0.000	0.002
IGF1R	0.011	0.011	0.000	0.000	-	-	3.8611294198926	0.024	0.024	0.000	0.000
VEGFC	0.022	0.022	0.000	0.000	-	-	3.85418939124585	0.042	0.042	0.000	0.000
CHRNA1	0.011	0.011	0.000	0.000	-	-	3.82463700275183	0.029	0.029	0.000	0.000
PLAT	0.004	0.000	0.000	0.004	-	-	3.7755453879508	0.035	0.018	0.002	0.015
EPHB6	0.007	0.007	0.000	0.000	-	-	3.77392100161298	0.082	0.082	0.000	0.000
STK11	0.018	0.018	0.000	0.000	CC	PC	3.76309055023143	0.133	0.133	0.000	0.000
TEK	0.018	0.013	0.004	0.000	-	-	3.75300957215478	0.035	0.027	0.009	0.000
RHOBTB2	0.004	0.002	0.002	0.000	-	-	3.74830936581888	0.020	0.011	0.011	0.000
GRIA2	0.018	0.015	0.000	0.002	-	-	3.67945268291944	0.035	0.033	0.000	0.002
SEMA6D	0.033	0.033	0.000	0.000	-	-	3.67378158886395	0.066	0.066	0.000	0.000
ARNT	0.015	0.007	0.000	0.009	CC	-	3.65292401703185	0.027	0.011	0.000	0.015
PRIM2	0.018	0.018	0.000	0.000	-	-	3.64817315071965	0.049	0.046	0.002	0.000
PCDH11X	0.013	0.013	0.000	0.000	-	-	3.64345993607702	0.150	0.150	0.000	0.000
PRKG2	0.020	0.020	0.000	0.002	-	-	3.62409651484954	0.024	0.024	0.000	0.002
CACNA1D	0.011	0.011	0.000	0.000	-	-	3.5767536457655	0.031	0.031	0.000	0.000
CD4	0.007	0.007	0.000	0.000	-	-	3.55288765556866	0.035	0.031	0.000	0.004
DOK2	0.009	0.004	0.004	0.000	-	-	3.52382776919059	0.018	0.007	0.011	0.000
PRKCE	0.007	0.007	0.000	0.000	-	-	3.51724425333463	0.009	0.009	0.000	0.000
RASGRF1	0.015	0.015	0.000	0.000	-	-	3.50102759476086	0.018	0.018	0.000	0.000
NFASC	0.013	0.011	0.000	0.002	-	-	3.47858042581968	0.051	0.044	0.000	0.007
LRP6	0.004	0.004	0.000	0.000	-	-	3.47581203603851	0.031	0.027	0.002	0.002
SHC1	0.013	0.004	0.000	0.009	-	-	3.46918989807162	0.013	0.004	0.000	0.009
TRPC5	0.044	0.042	0.000	0.002	-	-	3.45966177779304	0.055	0.053	0.000	0.002
PVRL3	0.004	0.004	0.000	0.000	-	-	3.4193709860048	0.011	0.011	0.000	0.000
FGFR4	0.013	0.013	0.000	0.000	-	-	3.38400883530483	0.022	0.020	0.000	0.002
CRKL	0.009	0.007	0.000	0.002	-	-	3.38266897014248	0.011	0.007	0.000	0.004
NELL1	0.007	0.007	0.000	0.000	-	-	3.35761403979869	0.080	0.080	0.000	0.000
FLI1	0.007	0.007	0.000	0.000	CC	-	3.34994508936975	0.015	0.015	0.000	0.000
ITGB1	0.011	0.011	0.000	0.000	-	-	3.34534271127567	0.013	0.013	0.000	0.000
CACNA1F	0.007	0.004	0.000	0.002	-	-	3.34305575970176	0.062	0.053	0.000	0.009
CDH12	0.009	0.009	0.000	0.000	-	-	3.32986405053168	0.137	0.124	0.000	0.015
MYH15	0.002	0.002	0.000	0.000	-	-	3.3082811581896	0.038	0.038	0.000	0.000
CDKN2A	0.033	0.013	0.020	0.000	CC	PC	3.2901991061505	0.108	0.035	0.073	0.000
EGF	0.018	0.018	0.000	0.000	-	-	3.28989294016896	0.033	0.033	0.000	0.000
PDGFRB	0.011	0.011	0.000	0.000	CC	-	3.27493939500642	0.027	0.027	0.000	0.000
COL4A5	0.018	0.015	0.000	0.002	-	-	3.27080331710681	0.080	0.077	0.000	0.002
NFIC	0.011	0.007	0.002	0.002	-	-	3.27015612004297	0.020	0.015	0.002	0.002
ADCY8	0.009	0.007	0.000	0.002	-	-	3.24055382468085	0.084	0.069	0.000	0.015
HNF4A	0.020	0.020	0.000	0.000	-	-	3.23257283496959	0.042	0.042	0.000	0.000
ACTN1	0.009	0.009	0.000	0.000	-	-	3.1963571321136	0.013	0.013	0.000	0.000
TRPC1	0.007	0.007	0.000	0.000	-	-	3.18469195720306	0.015	0.015	0.000	0.000
ALK	0.020	0.020	0.000	0.000	CC	-	3.16505334073791	0.055	0.055	0.000	0.000
CCND1	0.002	0.000	0.000	0.002	CC	PC	3.16053132101555	0.015	0.007	0.000	0.009
POLE2	0.002	0.000	0.000	0.002	-	-	3.1560650789015	0.009	0.002	0.000	0.007
MYO5A	0.002	0.002	0.000	0.000	-	-	3.1560650789015	0.020	0.020	0.000	0.000
MMP7	0.002	0.002	0.000	0.000	-	-	3.1560650789015	0.013	0.011	0.000	0.002
KPNA5	0.002	0.002	0.000	0.000	-	-	3.1560650789015	0.004	0.004	0.000	0.000
CFL2	0.002	0.000	0.000	0.002	-	-	3.1560650789015	0.046	0.004	0.000	0.042
ARHGAP5	0.002	0.000	0.000	0.002	-	-	3.1560650789015	0.040	0.024	0.000	0.022
CHRNA4	0.020	0.020	0.000	0.000	-	-	3.11387706165294	0.040	0.038	0.000	0.002
GHR	0.013	0.004	0.000	0.009	-	-	3.08673638428618	0.053	0.027	0.000	0.027
IFNGR1	0.004	0.004	0.000	0.000	-	-	3.07798220715119	0.013	0.013	0.000	0.000
PLXNA2	0.027	0.022	0.000	0.004	-	-	3.06614354981805	0.062	0.058	0.000	0.004
PLCB3	0.009	0.009	0.000	0.000	-	-	3.06067188829329	0.013	0.013	0.000	0.000
LAMC2	0.009	0.009	0.000	0.000	-	-	3.05867322110062	0.020	0.018	0.000	0.002
DSC2	0.018	0.018	0.000	0.000	-	-	3.05825645174577	0.049	0.044	0.000	0.004
ZYX	0.009	0.009	0.000	0.000	-	-	3.04850436603199	0.011	0.011	0.000	0.000
MAPK3	0.002	0.002	0.000	0.000	-	-	3.02968001900146	0.007	0.004	0.000	0.002
GRIA3	0.018	0.015	0.000	0.002	-	-	3.02835919384258	0.042	0.038	0.000	0.004
CDK7	0.004	0.004	0.000	0.000	-	-	3.01367594618167	0.007	0.004	0.002	0.000
COL1A1	0.007	0.007	0.000	0.000	CC	-	3.00301186104661	0.035	0.035	0.000	0.000
PAK3	0.011	0.009	0.000	0.002	-	-	2.97961684746788	0.031	0.029	0.000	0.002
PTPRC	0.004	0.004	0.000	0.000	-	-	2.97959206852568	0.062	0.060	0.000	0.002
CD24	0.040	0.000	0.040	0.000	-	-	2.97128637226039	0.095	0.000	0.095	0.000
TBP	0.002	0.002	0.000	0.000	-	-	2.93658348638162	0.004	0.004	0.000	0.000
NTRK2	0.007	0.007	0.000	0.000	-	-	2.93226273861299	0.035	0.035	0.000	0.000
LAMB4	0.011	0.011	0.000	0.000	-	-	2.92737321272671	0.073	0.071	0.000	0.002
PRKG1	0.018	0.015	0.000	0.002	-	-	2.91399096355509	0.040	0.038	0.000	0.002
UNC5A	0.007	0.007	0.000	0.000	-	-	2.90267220809804	0.038	0.035	0.000	0.002
FADD	0.004	0.002	0.000	0.002	-	-	2.90134594172792	0.007	0.004	0.000	0.002
F11R	0.004	0.000	0.000	0.004	-	-	2.89312957530237	0.011	0.004	0.000	0.007
CBL	0.009	0.009	0.000	0.000	CC	-	2.88761962122232	0.018	0.018	0.000	0.000
FGFR1	0.004	0.000	0.002	0.002	CC	-	2.88069477706501	0.022	0.007	0.004	0.011
ITGAV	0.011	0.011	0.000	0.000	-	-	2.83946477278898	0.044	0.044	0.000	0.002
IL2RG	0.004	0.002	0.000	0.002	-	-	2.83365467580616	0.015	0.013	0.000	0.002
TRPC4	0.033	0.033	0.000	0.000	-	-	2.82618683285996	0.071	0.071	0.000	0.000
PAX4	0.004	0.004	0.000	0.000	-	-	2.81619480218043	0.027	0.027	0.000	0.000
KLC1	0.002	0.002	0.000	0.000	-	-	2.80925051592732	0.011	0.009	0.000	0.002
DDB1	0.002	0.002	0.000	0.000	-	-	2.80925051592732	0.020	0.020	0.000	0.000
KALRN	0.011	0.009	0.000	0.002	-	PC	2.74541346409212	0.077	0.075	0.000	0.002
ITGA1	0.013	0.013	0.000	0.002	-	-	2.74305360420532	0.022	0.022	0.000	0.002
MYH9	0.002	0.002	0.000	0.000	CC	PC	2.74264913140854	0.040	0.038	0.000	0.004
TLR4	0.004	0.004	0.000	0.000	-	-	2.71021173145232	0.104	0.104	0.000	0.000
RNF139	0.009	0.002	0.000	0.007	-	-	2.69459000572188	0.027	0.007	0.000	0.020
PAX6	0.007	0.007	0.000	0.000	-	-	2.68919764897475	0.020	0.020	0.000	0.000
GUCY2C	0.009	0.002	0.002	0.004	-	-	2.67420025303434	0.024	0.018	0.002	0.004
NRAS	0.007	0.004	0.000	0.002	CC	PC	2.6554006395036	0.007	0.004	0.000	0.002
SDC4	0.004	0.004	0.000	0.000	CC	-	2.65079970587493	0.004	0.004	0.000	0.000
PCDH10	0.020	0.020	0.000	0.000	-	-	2.64894903670781	0.124	0.124	0.000	0.000
APOA2	0.004	0.000	0.000	0.004	-	-	2.61843093228378	0.007	0.000	0.000	0.007
POLE	0.011	0.011	0.000	0.000	-	-	2.61277758291663	0.062	0.062	0.000	0.000
YES1	0.009	0.004	0.000	0.004	-	-	2.60380923207749	0.009	0.004	0.000	0.004
FGF2	0.002	0.002	0.000	0.000	-	-	2.58679076102673	0.004	0.004	0.000	0.000
ACTR1A	0.002	0.002	0.000	0.000	-	-	2.58679076102673	0.009	0.009	0.000	0.000
TLN1	0.009	0.009	0.000	0.000	-	-	2.57551255430886	0.027	0.027	0.000	0.000
SELP	0.011	0.009	0.000	0.002	-	-	2.57388202728559	0.053	0.051	0.000	0.002
CRMP1	0.009	0.009	0.000	0.000	-	-	2.5664770691815	0.020	0.020	0.000	0.000
ZWINT	0.009	0.009	0.000	0.000	-	-	2.55951075234607	0.018	0.018	0.000	0.000
PIK3R1	0.007	0.007	0.000	0.000	CC	PC	2.53827688061647	0.009	0.007	0.002	0.000
MCM4	0.011	0.009	0.000	0.002	-	-	2.52857935236068	0.033	0.024	0.000	0.009
SMAD7	0.002	0.000	0.000	0.002	-	-	2.51070428088153	0.009	0.000	0.002	0.007
FGFR2	0.007	0.007	0.000	0.000	CC	PC	2.49358118797674	0.024	0.022	0.000	0.002
DCC	0.011	0.009	0.002	0.000	-	-	2.48723242160438	0.062	0.060	0.002	0.000
KCNH7	0.011	0.011	0.000	0.000	-	-	2.43652321037087	0.064	0.064	0.000	0.000
CDK4	0.013	0.002	0.000	0.011	CC	-	2.434808287671	0.029	0.007	0.000	0.022
NFKBIB	0.004	0.002	0.000	0.002	-	-	2.43234938727173	0.018	0.004	0.000	0.013
PTPRF	0.004	0.004	0.000	0.000	-	-	2.42609835878038	0.029	0.029	0.000	0.002
TBX3	0.002	0.002	0.000	0.000	-	PC	2.42598879256407	0.029	0.029	0.000	0.000
INPP5E	0.002	0.002	0.000	0.000	-	-	2.42598879256407	0.002	0.002	0.000	0.000
NPR2	0.009	0.009	0.000	0.000	-	-	2.41455561793793	0.011	0.011	0.000	0.000
RASGRP3	0.007	0.007	0.000	0.000	-	-	2.41448212939997	0.015	0.015	0.000	0.000
PEG3	0.009	0.009	0.000	0.000	-	-	2.41012576876265	0.159	0.159	0.000	0.000
GRM1	0.038	0.038	0.000	0.000	-	-	2.40143198692718	0.075	0.075	0.000	0.000
SP1	0.007	0.007	0.000	0.000	-	-	2.39812101785503	0.011	0.011	0.000	0.000
PARP1	0.002	0.002	0.000	0.000	-	-	2.39325816293113	0.011	0.009	0.000	0.002
DLG4	0.002	0.002	0.000	0.000	-	-	2.39325816293113	0.009	0.009	0.000	0.000
CNTN2	0.002	0.002	0.000	0.000	-	-	2.39325816293113	0.040	0.033	0.000	0.007
IKZF3	0.007	0.000	0.000	0.007	-	-	2.39208585939107	0.022	0.004	0.000	0.018
CAV1	0.004	0.000	0.000	0.004	-	-	2.36556022571765	0.011	0.000	0.000	0.011
NOTCH2	0.009	0.009	0.000	0.000	CC	-	2.36223499429948	0.049	0.046	0.000	0.002
MED1	0.004	0.004	0.000	0.000	-	-	2.34160589316324	0.042	0.033	0.000	0.009
APEX1	0.004	0.002	0.000	0.002	-	-	2.32414319810593	0.009	0.007	0.000	0.002
F5	0.022	0.022	0.000	0.000	-	-	2.29919494851787	0.077	0.075	0.000	0.002
CACNA1A	0.015	0.015	0.000	0.000	-	-	2.2908284748855	0.046	0.046	0.000	0.000
ROCK2	0.007	0.007	0.000	0.000	-	-	2.27185825520523	0.020	0.020	0.000	0.000
APC	0.007	0.007	0.000	0.000	CC	PC	2.25316844922792	0.038	0.038	0.000	0.000
GRB14	0.007	0.002	0.000	0.004	-	-	2.25051508697872	0.013	0.009	0.000	0.004
PTPRK	0.009	0.009	0.000	0.000	-	-	2.24686739937122	0.035	0.035	0.000	0.000
TG	0.013	0.013	0.000	0.000	-	-	2.20211476995155	0.128	0.117	0.000	0.011
FCGR3B	0.004	0.002	0.000	0.002	-	-	2.1867351028645	0.040	0.020	0.000	0.020
MCM7	0.007	0.002	0.000	0.004	-	-	2.18231140215631	0.015	0.007	0.000	0.009
GIT1	0.002	0.002	0.000	0.000	-	-	2.17971812822157	0.004	0.004	0.000	0.000
ANK3	0.029	0.027	0.000	0.002	-	-	2.16844204925183	0.077	0.075	0.000	0.002
TLE1	0.011	0.011	0.000	0.000	-	-	2.14313278935291	0.011	0.011	0.000	0.000
NR3C1	0.007	0.007	0.000	0.000	-	-	2.12517710253744	0.018	0.018	0.000	0.000
RALGDS	0.004	0.004	0.000	0.000	CC	-	2.11870070633194	0.015	0.015	0.000	0.000
POLR2B	0.002	0.002	0.000	0.000	-	-	2.11306369470128	0.022	0.020	0.000	0.002
GFRA1	0.002	0.002	0.000	0.000	-	-	2.11306369470128	0.033	0.033	0.000	0.000
RASAL2	0.004	0.004	0.000	0.000	-	-	2.10951138201028	0.046	0.044	0.000	0.002
ESR1	0.004	0.004	0.000	0.000	-	PC	2.09659459076869	0.020	0.020	0.000	0.000
RARA	0.011	0.007	0.000	0.004	CC	-	2.09357712972599	0.020	0.011	0.000	0.009
ADAM19	0.004	0.004	0.000	0.000	-	-	2.01234227942879	0.066	0.066	0.000	0.000
GAB2	0.007	0.004	0.000	0.002	-	-	2.01060707843835	0.018	0.013	0.000	0.004
LZTS1	0.002	0.002	0.000	0.000	-	-	2.00641466904058	0.038	0.029	0.009	0.000
ELN	0.002	0.002	0.000	0.000	CC	-	2.00641466904058	0.011	0.011	0.000	0.000
DNAJA3	0.002	0.002	0.000	0.000	-	-	2.00641466904058	0.004	0.004	0.000	0.000
LAMB3	0.015	0.011	0.000	0.004	-	-	2.00300314602752	0.038	0.033	0.000	0.004
KCNA4	0.013	0.013	0.000	0.000	-	-	1.99765098653214	0.066	0.066	0.000	0.000
PAPPA	0.002	0.002	0.000	0.000	-	-	1.99751546718242	0.060	0.060	0.000	0.000
INSRR	0.007	0.007	0.000	0.000	-	-	1.99448879708046	0.071	0.064	0.000	0.007
PLD1	0.002	0.002	0.000	0.000	-	-	1.97826262274551	0.038	0.033	0.000	0.004
MICAL1	0.002	0.000	0.000	0.002	-	-	1.97826262274551	0.009	0.007	0.000	0.002
CAPN6	0.013	0.013	0.000	0.000	-	-	1.97772504472679	0.046	0.044	0.000	0.002
ERBB2IP	0.009	0.009	0.000	0.000	-	PC	1.97300417438435	0.020	0.018	0.002	0.000
PRKCH	0.007	0.007	0.000	0.000	-	-	1.96618329549577	0.015	0.013	0.000	0.002
ATRIP	0.004	0.004	0.000	0.000	-	-	1.96177387545633	0.013	0.013	0.000	0.000
COL9A3	0.002	0.002	0.000	0.000	-	-	1.93925429874838	0.024	0.024	0.000	0.000
SLIT1	0.009	0.009	0.000	0.000	-	-	1.91339612209655	0.029	0.029	0.000	0.000
CACNG2	0.007	0.004	0.000	0.002	-	-	1.9040621888902	0.013	0.009	0.000	0.004
NGF	0.004	0.004	0.000	0.000	-	-	1.90154854989583	0.015	0.013	0.000	0.002
NRCAM	0.009	0.007	0.000	0.002	-	-	1.8909301864953	0.064	0.062	0.000	0.004
MYH7	0.002	0.002	0.000	0.000	-	-	1.88147294168347	0.111	0.108	0.000	0.004
RIPK2	0.002	0.000	0.000	0.002	-	-	1.86992528198823	0.018	0.004	0.000	0.013
HOXA9	0.002	0.000	0.000	0.002	CC	-	1.84421467352374	0.018	0.009	0.000	0.009
IKBKB	0.004	0.000	0.000	0.004	-	-	1.83925841050896	0.031	0.015	0.002	0.013
ERG	0.007	0.004	0.000	0.002	CC	-	1.83214373715014	0.018	0.015	0.000	0.002
MYL2	0.002	0.002	0.000	0.000	-	-	1.82896087419709	0.020	0.020	0.000	0.000
RASSF5	0.002	0.000	0.000	0.002	-	-	1.82563337932377	0.007	0.000	0.000	0.007
PPIAL4B	0.002	0.000	0.000	0.002	-	-	1.82563337932377	0.031	0.000	0.004	0.027
CTSB	0.007	0.000	0.007	0.000	-	-	1.79022820948147	0.015	0.004	0.011	0.000
PKP2	0.013	0.011	0.000	0.002	-	-	1.76603976937073	0.055	0.049	0.000	0.007
RAPGEF2	0.002	0.002	0.000	0.000	-	-	1.75170365426308	0.044	0.044	0.000	0.000
KRT5	0.002	0.002	0.000	0.000	-	-	1.75170365426308	0.015	0.015	0.000	0.000
COPS6	0.002	0.000	0.000	0.002	-	-	1.75170365426308	0.011	0.002	0.000	0.009
MDM2	0.004	0.000	0.000	0.004	CC	-	1.75147444064224	0.058	0.031	0.000	0.027
EVPL	0.002	0.002	0.000	0.000	-	-	1.74271051111588	0.022	0.020	0.000	0.002
CTTN	0.004	0.002	0.000	0.002	-	PC	1.73349744866417	0.013	0.011	0.000	0.002
RUNX1	0.002	0.000	0.002	0.000	CC	PC	1.7333869173082	0.011	0.007	0.004	0.000
ID2	0.002	0.002	0.000	0.000	-	-	1.7333869173082	0.007	0.007	0.000	0.000
HSP90B1	0.002	0.002	0.000	0.000	-	-	1.7333869173082	0.015	0.015	0.000	0.000
IFNG	0.009	0.000	0.000	0.009	-	-	1.72961093910226	0.035	0.009	0.000	0.029
PLXNA1	0.018	0.018	0.000	0.000	-	-	1.70786926117655	0.027	0.027	0.000	0.000
USF2	0.004	0.002	0.000	0.002	-	-	1.69849665987172	0.018	0.009	0.000	0.009
PTPRS	0.007	0.007	0.000	0.000	-	-	1.68605734139312	0.024	0.024	0.000	0.000
SRP54	0.002	0.000	0.000	0.002	-	-	1.677203395936	0.044	0.009	0.000	0.040
FZR1	0.002	0.002	0.000	0.000	-	-	1.677203395936	0.007	0.007	0.000	0.000
CHRM4	0.002	0.002	0.000	0.000	-	-	1.677203395936	0.011	0.011	0.000	0.000
TRPC7	0.004	0.004	0.000	0.000	-	-	1.67429310024644	0.022	0.022	0.000	0.000
CTNND1	0.004	0.004	0.000	0.000	-	PC	1.66767768728568	0.020	0.020	0.000	0.000
VCL	0.002	0.002	0.000	0.000	-	-	1.65843771474372	0.009	0.009	0.000	0.000
PRKACG	0.002	0.002	0.000	0.000	-	-	1.65843771474372	0.007	0.007	0.000	0.000
CACNB3	0.002	0.002	0.000	0.000	-	-	1.65843771474372	0.002	0.002	0.000	0.000
NOTCH3	0.004	0.004	0.000	0.000	-	-	1.6545906339693	0.015	0.015	0.000	0.000
RAB10	0.002	0.002	0.000	0.000	-	-	1.65336488354685	0.002	0.002	0.000	0.000
GABBR2	0.013	0.013	0.000	0.000	-	-	1.62513619589968	0.027	0.027	0.000	0.000
MRE11A	0.004	0.004	0.000	0.000	-	-	1.61884126838368	0.020	0.020	0.000	0.000
RUNX1T1	0.002	0.002	0.000	0.000	-	-	1.59584651365216	0.049	0.046	0.000	0.002
XPO1	0.007	0.007	0.000	0.000	CC	-	1.57930145225351	0.020	0.020	0.000	0.000
SYNJ2	0.004	0.004	0.000	0.000	-	-	1.57821838703587	0.020	0.018	0.002	0.000
GDNF	0.004	0.002	0.000	0.002	-	-	1.56622061567102	0.038	0.009	0.000	0.029
KIF5A	0.002	0.000	0.000	0.002	-	-	1.55591508836278	0.053	0.042	0.000	0.013
RAC1	0.002	0.000	0.000	0.002	-	PC	1.55309220751213	0.007	0.000	0.000	0.007
AMPH	0.004	0.004	0.000	0.000	-	PC	1.54410125899759	0.046	0.040	0.000	0.007
PGM1	0.002	0.000	0.000	0.002	-	-	1.52983569574953	0.004	0.002	0.000	0.002
POLA1	0.009	0.009	0.000	0.000	-	-	1.51229174325442	0.027	0.027	0.000	0.000
GINS4	0.007	0.002	0.002	0.002	-	-	1.5112555331979	0.024	0.007	0.002	0.015
KCNQ2	0.020	0.020	0.000	0.000	-	-	1.50110814232775	0.053	0.051	0.000	0.002
SP3	0.007	0.007	0.000	0.000	-	-	1.481683523286	0.011	0.011	0.000	0.000
GTF3C1	0.004	0.004	0.000	0.000	-	-	1.47069315762779	0.066	0.066	0.000	0.000
KCNH5	0.007	0.007	0.000	0.000	-	-	1.46043155156268	0.073	0.073	0.000	0.000
PKP4	0.009	0.009	0.000	0.000	-	-	1.45519509769452	0.022	0.022	0.000	0.000
CHL1	0.009	0.009	0.000	0.000	-	-	1.44944421876935	0.069	0.066	0.002	0.000
FAIM3	0.002	0.002	0.000	0.000	-	-	1.44217051617593	0.015	0.009	0.000	0.007
PCDH18	0.007	0.007	0.000	0.000	-	-	1.43946880673408	0.071	0.071	0.000	0.000
SYK	0.004	0.002	0.000	0.002	CC	-	1.43608948631135	0.015	0.013	0.000	0.002
MAPK11	0.002	0.002	0.000	0.000	-	-	1.43402908845663	0.002	0.002	0.000	0.000
LAMA5	0.009	0.009	0.000	0.000	-	-	1.41902004606623	0.055	0.055	0.000	0.000
STAT3	0.004	0.002	0.000	0.002	-	PC	1.41715806870349	0.009	0.007	0.000	0.002
CACNA1I	0.004	0.004	0.000	0.000	-	-	1.41486962093462	0.051	0.049	0.000	0.002
RPA4	0.004	0.004	0.000	0.000	-	-	1.4124356870084	0.015	0.013	0.000	0.002
BCL2	0.004	0.002	0.000	0.002	CC	-	1.41134096536878	0.013	0.011	0.000	0.002
CASP8	0.004	0.004	0.000	0.000	-	PC	1.41131186153431	0.011	0.009	0.000	0.002
ITGA7	0.002	0.002	0.000	0.000	-	-	1.40658048348821	0.024	0.024	0.000	0.000
EIF4A2	0.002	0.002	0.000	0.000	CC	PC	1.40658048348821	0.015	0.011	0.000	0.004
COL5A1	0.009	0.009	0.000	0.000	-	-	1.40425903649168	0.062	0.062	0.000	0.000
PTPN13	0.002	0.002	0.000	0.000	-	-	1.3987271524324	0.031	0.031	0.000	0.000
CACNA1S	0.013	0.013	0.000	0.000	-	-	1.38508593113794	0.058	0.053	0.000	0.004
HIF1A	0.004	0.004	0.000	0.000	-	-	1.38195733010697	0.007	0.004	0.000	0.002
ARAF	0.004	0.004	0.000	0.000	-	-	1.37210887062359	0.020	0.013	0.000	0.007
PTEN	0.004	0.004	0.000	0.000	CC	PC	1.36915417747396	0.013	0.013	0.000	0.000
CDH3	0.004	0.002	0.000	0.002	-	-	1.33264334296202	0.018	0.015	0.000	0.002
MAP3K4	0.007	0.007	0.000	0.000	-	PC	1.32743503337577	0.042	0.042	0.000	0.000
HCLS1	0.004	0.004	0.000	0.000	-	-	1.32519551538019	0.033	0.033	0.000	0.000
NPM1	0.002	0.002	0.000	0.000	CC	PC	1.31594722579239	0.013	0.011	0.000	0.002
CRK	0.002	0.002	0.000	0.000	-	-	1.31594722579239	0.002	0.002	0.000	0.000
RAF1	0.004	0.004	0.000	0.000	CC	-	1.31532361448908	0.013	0.013	0.000	0.000
RIT1	0.009	0.009	0.000	0.000	-	-	1.3108039514837	0.027	0.020	0.000	0.007
TBX5	0.009	0.009	0.000	0.000	-	-	1.30826072481959	0.042	0.042	0.000	0.000
SRC	0.004	0.004	0.000	0.000	-	-	1.30788130321078	0.007	0.007	0.000	0.000
PIP5K1C	0.002	0.000	0.002	0.000	-	-	1.29687167951144	0.007	0.004	0.002	0.000
COL27A1	0.002	0.002	0.000	0.000	-	-	1.29687167951144	0.038	0.038	0.000	0.000
GLIS3	0.004	0.002	0.002	0.000	-	-	1.29458817017983	0.015	0.013	0.002	0.000
ASCC1	0.002	0.002	0.000	0.000	-	-	1.28850004720908	0.002	0.002	0.000	0.000
E2F4	0.002	0.002	0.000	0.000	-	-	1.28393760042536	0.004	0.004	0.000	0.000
CDH18	0.002	0.002	0.000	0.000	-	-	1.28393760042536	0.111	0.102	0.000	0.020
ABCB1	0.002	0.002	0.000	0.000	-	PC	1.28393760042536	0.073	0.073	0.000	0.000
ADAM10	0.002	0.002	0.000	0.000	-	PC	1.2813362700039	0.013	0.013	0.000	0.000
SMARCC2	0.002	0.002	0.000	0.000	-	-	1.27238804732649	0.024	0.022	0.000	0.002
PLCZ1	0.002	0.002	0.000	0.000	-	-	1.27238804732649	0.022	0.015	0.000	0.007
SMAD3	0.011	0.011	0.000	0.000	-	-	1.27060902634388	0.015	0.013	0.000	0.002
WRN	0.007	0.007	0.000	0.000	CC	PC	1.26812662637076	0.044	0.038	0.007	0.000
RASA1	0.011	0.011	0.000	0.000	-	PC	1.25559480863704	0.020	0.020	0.000	0.000
MAG	0.004	0.002	0.000	0.002	-	-	1.2299315722637	0.027	0.018	0.000	0.009
CLK1	0.002	0.002	0.000	0.000	-	-	1.21300994906567	0.007	0.004	0.000	0.002
FURIN	0.004	0.004	0.000	0.000	-	-	1.20041944042308	0.011	0.009	0.000	0.002
PCDH1	0.004	0.004	0.000	0.000	-	-	1.19748876891778	0.035	0.035	0.000	0.000
RHOT2	0.004	0.004	0.000	0.000	-	-	1.19660278217461	0.009	0.009	0.000	0.000
CALM1	0.002	0.002	0.000	0.000	-	-	1.19175947293843	0.009	0.007	0.000	0.002
ACACB	0.002	0.002	0.000	0.000	-	-	1.19175947293843	0.044	0.044	0.000	0.000
PARD3	0.004	0.004	0.000	0.000	-	-	1.18862416315395	0.031	0.031	0.000	0.000
UBQLN4	0.002	0.002	0.000	0.000	-	-	1.18315518331046	0.015	0.007	0.000	0.009
MPZ	0.002	0.000	0.000	0.002	-	-	1.17749614545773	0.007	0.000	0.000	0.007
APBB1	0.002	0.002	0.000	0.000	-	-	1.17749614545773	0.009	0.007	0.002	0.000
NEDD9	0.004	0.004	0.000	0.000	-	-	1.16825242736284	0.007	0.007	0.000	0.000
VCAM1	0.002	0.002	0.000	0.000	-	-	1.15237582611567	0.051	0.046	0.002	0.002
CD9	0.002	0.002	0.000	0.000	-	-	1.15237582611567	0.013	0.009	0.000	0.004
COL4A2	0.009	0.009	0.000	0.000	-	-	1.14954960325676	0.055	0.055	0.000	0.002
SCN1B	0.002	0.000	0.000	0.002	-	-	1.14131886980454	0.011	0.000	0.000	0.011
RBBP7	0.002	0.000	0.000	0.002	-	-	1.14131886980454	0.013	0.009	0.000	0.004
ITGB8	0.002	0.000	0.000	0.002	-	-	1.14131886980454	0.038	0.027	0.000	0.013
CEBPA	0.002	0.000	0.000	0.002	CC	PC	1.14131886980454	0.011	0.000	0.000	0.011
SERPINF2	0.002	0.002	0.000	0.000	-	-	1.11791983689752	0.004	0.004	0.000	0.000
ITGA9	0.002	0.002	0.000	0.000	-	-	1.11791983689752	0.009	0.009	0.000	0.000
VIM	0.002	0.002	0.000	0.000	-	-	1.11297206347268	0.011	0.011	0.000	0.000
SOS2	0.002	0.002	0.000	0.000	-	-	1.09832855257218	0.031	0.024	0.000	0.007
HLTF	0.002	0.002	0.000	0.000	-	-	1.09832855257218	0.015	0.015	0.000	0.000
PCDHB2	0.009	0.009	0.000	0.000	-	-	1.09027682389132	0.046	0.046	0.000	0.000
ITGA5	0.009	0.009	0.000	0.000	-	-	1.0854384392445	0.015	0.015	0.000	0.000
ITGAX	0.007	0.007	0.000	0.000	-	-	1.0836036987867	0.075	0.075	0.000	0.000
ROBO4	0.015	0.015	0.000	0.000	-	-	1.06491569124881	0.040	0.040	0.000	0.000
GRB7	0.009	0.007	0.000	0.002	-	-	1.06227690050314	0.031	0.013	0.000	0.018
AR	0.002	0.002	0.000	0.002	-	PC	1.04502618091289	0.024	0.022	0.000	0.004
IVL	0.007	0.007	0.000	0.002	-	-	1.02914107856217	0.020	0.018	0.000	0.004
MYBPC3	0.011	0.011	0.000	0.000	-	-	1.00328455840284	0.029	0.029	0.000	0.000
TGFBR1	0.002	0.002	0.000	0.000	-	-	0.995710172053816	0.013	0.013	0.000	0.000
PAK7	0.004	0.004	0.000	0.000	-	-	0.995461236230777	0.066	0.066	0.000	0.000
RGL1	0.002	0.002	0.000	0.000	-	-	0.978815644605084	0.015	0.013	0.000	0.002
STAT1	0.004	0.004	0.000	0.000	-	-	0.978537512902798	0.011	0.011	0.000	0.000
PRKACB	0.009	0.007	0.000	0.002	-	-	0.976087282195066	0.020	0.018	0.000	0.002
NCSTN	0.004	0.004	0.000	0.000	-	-	0.971613706938738	0.031	0.027	0.000	0.004
POU2F1	0.004	0.002	0.000	0.002	-	-	0.964936564053983	0.011	0.009	0.000	0.002
JUP	0.002	0.002	0.000	0.000	-	-	0.956218800469414	0.020	0.018	0.000	0.002
KCNA1	0.011	0.011	0.000	0.000	-	-	0.953707300218722	0.035	0.031	0.000	0.004
XRCC6	0.002	0.002	0.000	0.000	-	-	0.945215201637533	0.013	0.013	0.000	0.000
PAK1	0.002	0.002	0.000	0.000	-	-	0.945215201637533	0.011	0.007	0.000	0.004
MAPK9	0.007	0.007	0.000	0.000	-	-	0.940476547124441	0.015	0.013	0.000	0.002
INPP4A	0.002	0.002	0.000	0.000	-	-	0.940475691264144	0.013	0.011	0.000	0.002
GUCY1A2	0.015	0.015	0.000	0.000	-	-	0.930800393824979	0.051	0.051	0.000	0.000
ARF1	0.007	0.002	0.000	0.004	-	-	0.918981697843683	0.007	0.002	0.000	0.004
TGFB1	0.002	0.002	0.000	0.000	-	-	0.903890158432467	0.007	0.004	0.000	0.002
PPP3CA	0.002	0.002	0.000	0.000	-	-	0.902797502439144	0.020	0.020	0.000	0.000
PRKDC	0.007	0.007	0.000	0.000	-	-	0.902188746442297	0.080	0.071	0.000	0.009
PIK3R3	0.002	0.000	0.000	0.002	-	-	0.90203571612044	0.024	0.022	0.000	0.002
CDK2	0.002	0.002	0.000	0.000	-	-	0.898485663519726	0.002	0.002	0.000	0.000
ITGA2	0.004	0.004	0.000	0.000	-	-	0.889897348405354	0.033	0.033	0.000	0.004
RTN2	0.002	0.002	0.000	0.000	-	-	0.884071569251591	0.018	0.013	0.000	0.004
CASP1	0.002	0.002	0.000	0.000	-	-	0.884071569251591	0.022	0.022	0.000	0.000
CAPN1	0.002	0.002	0.000	0.000	-	-	0.884071569251591	0.004	0.004	0.000	0.000
PTPN6	0.004	0.004	0.000	0.000	-	-	0.877499865998208	0.015	0.013	0.000	0.004
SF1	0.002	0.002	0.000	0.000	-	-	0.873990081498765	0.024	0.024	0.000	0.000
POLR2K	0.002	0.000	0.000	0.002	-	-	0.873990081498765	0.018	0.002	0.000	0.015
NPPA	0.004	0.004	0.000	0.000	-	-	0.870664658820472	0.007	0.007	0.000	0.000
ITGAE	0.007	0.007	0.000	0.000	-	-	0.847463159855002	0.035	0.035	0.000	0.000
PDCD6	0.004	0.000	0.000	0.004	-	-	0.846637428601971	0.053	0.000	0.000	0.053
NCOR1	0.007	0.004	0.000	0.002	-	PC	0.840999607108493	0.038	0.035	0.000	0.002
PDGFA	0.002	0.002	0.000	0.000	-	-	0.834738784554726	0.011	0.004	0.000	0.007
ATP5L	0.002	0.002	0.000	0.000	-	-	0.834738784554726	0.004	0.004	0.000	0.000
MYH3	0.007	0.007	0.000	0.000	-	-	0.823096599644891	0.058	0.058	0.000	0.000
KCNQ4	0.013	0.009	0.000	0.004	-	-	0.809177103689509	0.027	0.020	0.000	0.007
PCNA	0.002	0.002	0.000	0.000	-	-	0.788357779312723	0.002	0.002	0.000	0.000
BLM	0.007	0.007	0.000	0.000	CC	PC	0.788056863681915	0.018	0.018	0.000	0.000
IL6	0.002	0.000	0.000	0.002	-	-	0.787321552511319	0.018	0.004	0.000	0.013
PPP3R2	0.002	0.002	0.000	0.000	-	-	0.777331059082754	0.011	0.011	0.000	0.000
KPNA2	0.002	0.002	0.000	0.000	-	-	0.777331059082754	0.011	0.009	0.000	0.002
MED13	0.002	0.002	0.000	0.000	-	PC	0.765247760547688	0.033	0.033	0.000	0.000
COL6A1	0.002	0.002	0.000	0.000	-	-	0.765247760547688	0.013	0.013	0.000	0.000
EZR	0.002	0.002	0.000	0.000	CC	-	0.759068714497679	0.007	0.004	0.002	0.000
CD5	0.002	0.002	0.000	0.000	-	-	0.754080036318237	0.013	0.013	0.000	0.000
CDH17	0.004	0.002	0.000	0.002	-	-	0.727081901468289	0.049	0.042	0.000	0.009
FRS3	0.007	0.002	0.000	0.004	-	-	0.714608968374009	0.018	0.011	0.000	0.007
NFE2L2	0.002	0.002	0.000	0.000	CC	PC	0.70875647221102	0.029	0.024	0.000	0.004
PHB	0.002	0.002	0.000	0.000	-	-	0.69775732923362	0.002	0.002	0.000	0.000
MMP13	0.002	0.002	0.000	0.000	-	-	0.69775732923362	0.029	0.027	0.000	0.002
HGF	0.004	0.004	0.000	0.000	-	PC	0.683333340901761	0.075	0.075	0.000	0.000
COL11A2	0.007	0.007	0.000	0.000	-	-	0.680211232297688	0.033	0.033	0.000	0.000
CDC42	0.002	0.002	0.000	0.000	-	-	0.676181058471332	0.002	0.002	0.000	0.000
KCNH1	0.018	0.018	0.000	0.000	-	-	0.673019837581542	0.062	0.060	0.000	0.002
SP2	0.002	0.002	0.000	0.000	-	-	0.672287181324392	0.007	0.007	0.000	0.000
PI4KB	0.009	0.007	0.000	0.002	-	-	0.666835332462122	0.031	0.018	0.000	0.013
MMP16	0.009	0.009	0.000	0.000	-	-	0.664836020395753	0.097	0.084	0.000	0.013
PIP5K1A	0.004	0.002	0.000	0.002	-	PC	0.64897547749815	0.029	0.013	0.000	0.015
CTSS	0.002	0.000	0.000	0.002	-	-	0.641877046571412	0.018	0.002	0.000	0.015
CDH15	0.007	0.007	0.000	0.000	-	-	0.641158619303215	0.022	0.020	0.002	0.000
NTN4	0.004	0.004	0.000	0.000	-	-	0.63572966466141	0.013	0.013	0.000	0.000
MAP1A	0.002	0.002	0.000	0.000	-	-	0.625229552876918	0.038	0.038	0.000	0.000
EPHA2	0.002	0.002	0.000	0.000	-	-	0.620651766622914	0.013	0.013	0.000	0.000
CFTR	0.002	0.002	0.000	0.000	-	-	0.61385657145458	0.027	0.022	0.000	0.004
AURKA	0.004	0.002	0.000	0.002	-	-	0.608687631333093	0.009	0.002	0.000	0.007
PPARGC1A	0.004	0.002	0.000	0.002	-	-	0.605113329632801	0.040	0.038	0.000	0.002
MDC1	0.002	0.002	0.000	0.000	-	PC	0.598886057360055	0.038	0.035	0.000	0.002
FGF23	0.007	0.007	0.000	0.000	-	-	0.597548258674861	0.024	0.020	0.000	0.004
CPSF6	0.002	0.000	0.000	0.002	-	-	0.596864040905949	0.038	0.009	0.000	0.029
TP53BP1	0.004	0.004	0.000	0.000	-	PC	0.593370030057836	0.024	0.024	0.000	0.000
SOCS2	0.002	0.002	0.000	0.000	-	-	0.59105230866879	0.007	0.007	0.000	0.000
SLC25A6	0.002	0.000	0.000	0.002	-	-	0.589528815945754	0.018	0.009	0.000	0.009
HOXB2	0.002	0.002	0.000	0.000	-	-	0.587324230152734	0.007	0.007	0.000	0.000
PRKCZ	0.002	0.002	0.000	0.000	-	-	0.579514109416257	0.009	0.007	0.000	0.002
COL15A1	0.004	0.004	0.000	0.000	-	-	0.575417978099758	0.051	0.051	0.000	0.000
THBS1	0.002	0.002	0.000	0.000	-	-	0.569355074974332	0.011	0.011	0.000	0.000
CASP3	0.007	0.007	0.000	0.000	-	-	0.567559663310448	0.007	0.007	0.000	0.000
ELF1	0.007	0.007	0.000	0.000	-	-	0.556600172058189	0.020	0.020	0.000	0.000
COL7A1	0.004	0.004	0.000	0.000	-	-	0.542498569906185	0.053	0.053	0.000	0.000
VEGFB	0.002	0.002	0.000	0.000	-	-	0.537509771635697	0.004	0.004	0.000	0.000
IRS2	0.002	0.002	0.000	0.000	-	PC	0.523765770907192	0.013	0.011	0.000	0.002
KCNA5	0.015	0.013	0.000	0.002	-	-	0.52238444505119	0.040	0.035	0.000	0.004
PGR	0.004	0.002	0.000	0.002	-	-	0.520732481309218	0.031	0.029	0.000	0.002
ECT2	0.004	0.004	0.000	0.000	-	-	0.517190617786467	0.015	0.011	0.000	0.004
GUCY2D	0.007	0.007	0.000	0.000	-	-	0.512715376713162	0.009	0.009	0.000	0.000
ACTG1	0.002	0.002	0.000	0.000	-	-	0.509110827394007	0.013	0.013	0.000	0.000
C7	0.027	0.027	0.000	0.000	-	-	0.495967809721456	0.093	0.069	0.000	0.029
ITGBL1	0.002	0.002	0.000	0.000	-	-	0.489800100148741	0.029	0.029	0.000	0.000
IL10RA	0.002	0.002	0.000	0.000	-	-	0.489800100148741	0.011	0.011	0.000	0.000
CACNA1G	0.004	0.004	0.000	0.000	-	-	0.484080267248409	0.042	0.042	0.000	0.000
HLA-DRA	0.004	0.004	0.000	0.000	-	-	0.480795442014978	0.004	0.004	0.000	0.000
IKBKG	0.007	0.004	0.000	0.002	-	-	0.478057566122249	0.007	0.004	0.000	0.002
SMURF1	0.002	0.002	0.000	0.000	-	-	0.471719713700155	0.022	0.015	0.000	0.007
CDC25B	0.002	0.002	0.000	0.000	-	-	0.471719713700155	0.004	0.004	0.000	0.000
F12	0.002	0.000	0.000	0.002	-	-	0.469822647482294	0.009	0.007	0.000	0.002
TAF1	0.004	0.004	0.000	0.000	-	PC	0.466593800173978	0.027	0.024	0.000	0.002
MMP14	0.004	0.004	0.000	0.000	-	-	0.463237623453231	0.011	0.007	0.000	0.004
RUVBL1	0.002	0.002	0.000	0.000	-	-	0.460716733908642	0.007	0.007	0.000	0.000
GAB3	0.002	0.000	0.000	0.002	-	-	0.460716733908642	0.015	0.013	0.000	0.002
IRS4	0.004	0.004	0.000	0.000	-	-	0.458660720081206	0.066	0.064	0.000	0.002
L1CAM	0.009	0.009	0.000	0.000	-	-	0.456240358949698	0.069	0.060	0.000	0.009
SYNJ1	0.009	0.009	0.000	0.000	-	-	0.447860427650891	0.015	0.015	0.000	0.000
CABIN1	0.004	0.004	0.000	0.000	-	-	0.44758965511078	0.020	0.015	0.000	0.004
CACNG4	0.002	0.002	0.000	0.000	-	-	0.4436671860026	0.013	0.011	0.000	0.002
ABCB4	0.002	0.002	0.000	0.000	-	-	0.4436671860026	0.038	0.038	0.000	0.000
TGFB2	0.004	0.004	0.000	0.000	-	-	0.422193521188508	0.020	0.018	0.000	0.002
SELL	0.002	0.002	0.000	0.000	-	-	0.418011632599737	0.013	0.011	0.000	0.002
KL	0.002	0.002	0.000	0.000	-	-	0.415851980943013	0.027	0.027	0.000	0.000
CXCR4	0.002	0.002	0.000	0.000	-	-	0.415851980943013	0.013	0.013	0.000	0.000
EP300	0.002	0.002	0.000	0.000	CC	PC	0.410737520737531	0.018	0.018	0.000	0.000
COL6A2	0.002	0.002	0.000	0.000	-	-	0.403944688578029	0.035	0.035	0.000	0.000
COL8A2	0.004	0.004	0.000	0.000	-	-	0.403826584120723	0.015	0.013	0.000	0.002
VWA2	0.002	0.002	0.000	0.000	-	-	0.400946262647097	0.009	0.007	0.000	0.002
HOXB3	0.002	0.002	0.000	0.000	-	-	0.400946262647097	0.035	0.035	0.000	0.000
ARVCF	0.002	0.002	0.000	0.000	-	-	0.400896342542091	0.018	0.011	0.000	0.007
LRP4	0.004	0.004	0.000	0.000	-	-	0.400324601428643	0.044	0.044	0.000	0.000
CDH9	0.009	0.007	0.000	0.002	-	-	0.39784297036779	0.119	0.102	0.000	0.022
SUMO1	0.004	0.004	0.000	0.000	-	-	0.395780886526526	0.004	0.004	0.000	0.000
DUSP3	0.004	0.002	0.000	0.002	-	-	0.391984242248716	0.011	0.007	0.000	0.004
PNLIP	0.007	0.007	0.000	0.000	-	-	0.387947355938906	0.020	0.020	0.000	0.000
GRB10	0.009	0.007	0.000	0.002	-	-	0.387907939210523	0.031	0.022	0.000	0.009
PRKD2	0.002	0.002	0.000	0.000	-	-	0.377905895580272	0.011	0.011	0.000	0.000
KCNH8	0.004	0.004	0.000	0.000	-	-	0.377216619244411	0.077	0.077	0.000	0.000
NKX2-1	0.009	0.000	0.000	0.009	CC	-	0.376412828843178	0.080	0.011	0.000	0.071
GRID2	0.055	0.055	0.000	0.000	-	-	0.372682631963145	0.082	0.082	0.000	0.000
ACTN3	0.002	0.002	0.000	0.000	-	-	0.36287291801152	0.004	0.004	0.000	0.000
COL4A1	0.007	0.007	0.000	0.000	-	-	0.362777120723376	0.058	0.058	0.000	0.000
PRKCI	0.004	0.004	0.000	0.000	-	-	0.339403714184	0.027	0.020	0.000	0.007
PTPN7	0.002	0.000	0.000	0.002	-	-	0.339084465763889	0.007	0.002	0.000	0.004
ACTA1	0.002	0.000	0.000	0.002	-	-	0.339084465763889	0.027	0.022	0.000	0.004
SERBP1	0.002	0.002	0.000	0.000	-	-	0.334903667958325	0.011	0.011	0.000	0.000
ITGB3	0.002	0.002	0.000	0.000	-	-	0.32496017958092	0.020	0.020	0.000	0.000
COL17A1	0.004	0.004	0.000	0.000	-	-	0.297955739399438	0.022	0.022	0.000	0.000
FGR	0.004	0.004	0.000	0.000	-	-	0.285456332734365	0.007	0.007	0.000	0.000
PIK3CD	0.004	0.004	0.000	0.000	-	-	0.279709417960194	0.004	0.004	0.000	0.000
PCDH11Y	0.015	0.002	0.013	0.000	-	-	0.27938995819739	0.150	0.031	0.122	0.000
LRRC4C	0.062	0.062	0.000	0.000	-	-	0.275402520771387	0.084	0.084	0.000	0.000
TBL1X	0.007	0.007	0.000	0.000	-	-	0.273320560423165	0.011	0.011	0.000	0.000
MLH1	0.009	0.009	0.000	0.000	CC	-	0.272173554526907	0.033	0.033	0.000	0.000
ADAMTS1	0.035	0.035	0.000	0.000	-	-	0.258029226386246	0.046	0.044	0.000	0.002
MAPK8	0.004	0.004	0.000	0.000	-	-	0.255828711689489	0.009	0.007	0.000	0.002
VAV2	0.002	0.002	0.000	0.000	-	-	0.253488417151566	0.013	0.013	0.000	0.000
PCDHB6	0.011	0.011	0.000	0.000	-	-	0.251146444358368	0.058	0.058	0.000	0.000
GIPC1	0.002	0.002	0.000	0.000	-	-	0.249237272196407	0.011	0.011	0.000	0.000
NCK1	0.002	0.002	0.000	0.000	-	-	0.247480950496325	0.004	0.004	0.000	0.000
RIPK1	0.002	0.002	0.000	0.000	-	-	0.246771711442119	0.018	0.018	0.000	0.000
VWF	0.007	0.004	0.000	0.002	-	-	0.24442197696296	0.060	0.055	0.000	0.004
ZBTB16	0.002	0.002	0.000	0.000	-	-	0.244126280669657	0.020	0.020	0.000	0.000
PRIM1	0.004	0.002	0.000	0.002	-	-	0.237094742582864	0.007	0.004	0.000	0.002
LMO4	0.002	0.002	0.000	0.000	-	-	0.236942847746582	0.009	0.009	0.000	0.000
CTNNA1	0.007	0.007	0.000	0.000	-	-	0.236334515698618	0.013	0.013	0.000	0.000
SCN2A	0.062	0.058	0.000	0.004	-	-	0.232925932710613	0.073	0.069	0.000	0.004
CCT2	0.002	0.000	0.000	0.002	-	-	0.23249697343758	0.035	0.009	0.000	0.027
NTF3	0.002	0.002	0.000	0.000	-	-	0.221104807921771	0.022	0.018	0.000	0.004
HSPA5	0.002	0.002	0.000	0.000	-	-	0.221104807921771	0.004	0.004	0.000	0.000
STAT5B	0.002	0.002	0.000	0.000	-	-	0.218805745155357	0.018	0.015	0.000	0.002
FBL	0.002	0.002	0.000	0.000	-	-	0.218371713179875	0.027	0.020	0.000	0.007
PIK3R2	0.002	0.002	0.000	0.000	-	-	0.217581761470228	0.007	0.007	0.000	0.000
PLXNB2	0.022	0.022	0.000	0.000	-	-	0.217291361021651	0.042	0.042	0.000	0.000
DCHS1	0.007	0.007	0.000	0.000	-	-	0.215954301940688	0.086	0.084	0.002	0.000
DSC3	0.013	0.013	0.000	0.000	-	-	0.207404068676961	0.044	0.038	0.000	0.007
BDNF	0.002	0.002	0.000	0.000	-	-	0.20024082960486	0.004	0.002	0.000	0.002
RRM2B	0.004	0.000	0.000	0.004	-	-	0.197656555830522	0.013	0.002	0.000	0.011
MAP2K1	0.002	0.002	0.000	0.000	-	-	0.195557901727283	0.020	0.020	0.000	0.000
ARF6	0.002	0.000	0.000	0.002	-	-	0.190684207783497	0.009	0.002	0.000	0.007
ATXN1	0.002	0.002	0.000	0.000	-	-	0.188706857228796	0.040	0.040	0.000	0.000
C9	0.020	0.020	0.000	0.000	-	-	0.188429855356446	0.064	0.038	0.000	0.027
ROBO1	0.013	0.013	0.000	0.000	-	-	0.184024750908428	0.042	0.038	0.004	0.000
ITGA2B	0.004	0.002	0.000	0.002	-	-	0.176090327280612	0.029	0.024	0.000	0.004
KEAP1	0.011	0.011	0.000	0.000	-	PC	0.174004471785586	0.175	0.173	0.002	0.000
MSH6	0.004	0.002	0.000	0.002	CC	-	0.171232699309786	0.027	0.024	0.000	0.004
ARHGEF12	0.007	0.007	0.000	0.000	CC	-	0.165949498737713	0.035	0.035	0.000	0.000
CFH	0.009	0.009	0.000	0.000	-	PC	0.162158473380011	0.088	0.086	0.000	0.002
CDH1	0.004	0.004	0.000	0.000	CC	PC	0.161425238952431	0.011	0.009	0.000	0.002
CD2	0.002	0.002	0.000	0.000	-	-	0.161231548105409	0.004	0.002	0.000	0.002
CLU	0.011	0.004	0.007	0.000	-	-	0.157287403802846	0.022	0.009	0.011	0.002
BCL9	0.018	0.009	0.000	0.009	CC	-	0.155714531625953	0.049	0.035	0.000	0.015
RHOB	0.002	0.002	0.000	0.000	-	-	0.155191898233027	0.004	0.004	0.000	0.000
ITGB5	0.002	0.002	0.000	0.000	-	-	0.154692653303693	0.009	0.009	0.000	0.000
ETS1	0.002	0.002	0.000	0.000	-	-	0.154692653303693	0.011	0.011	0.000	0.000
ARHGAP4	0.002	0.002	0.000	0.000	-	-	0.153890263170218	0.033	0.024	0.000	0.009
GRIK2	0.029	0.029	0.000	0.000	-	-	0.153654509683553	0.060	0.060	0.000	0.000
TYMS	0.002	0.002	0.000	0.000	-	-	0.150027163925486	0.009	0.004	0.000	0.004
CBLB	0.002	0.002	0.000	0.000	CC	-	0.14464402036357	0.013	0.013	0.000	0.000
GRM5	0.031	0.029	0.000	0.002	-	-	0.140311061798183	0.075	0.073	0.000	0.004
USF1	0.002	0.002	0.000	0.000	-	-	0.139963283137314	0.013	0.007	0.000	0.007
MAPK12	0.002	0.002	0.000	0.000	-	-	0.13364074369816	0.002	0.002	0.000	0.000
TGFBR3	0.002	0.002	0.000	0.000	-	-	0.131871772001855	0.033	0.029	0.000	0.004
TJP1	0.004	0.004	0.000	0.000	-	-	0.129273198943135	0.022	0.022	0.000	0.000
SRGAP1	0.004	0.000	0.000	0.004	-	-	0.125625220804361	0.051	0.038	0.000	0.013
PCDHB7	0.002	0.002	0.000	0.000	-	-	0.124971957099183	0.073	0.073	0.000	0.000
SLIT3	0.015	0.015	0.000	0.000	-	-	0.123067605044854	0.053	0.053	0.000	0.000
SPTAN1	0.018	0.018	0.000	0.000	-	-	0.122165085347083	0.035	0.035	0.000	0.000
TPX2	0.007	0.007	0.000	0.000	-	-	0.117154225682269	0.024	0.024	0.000	0.000
PCDHB13	0.002	0.002	0.000	0.000	-	-	0.113376856291909	0.038	0.038	0.000	0.000
CHD8	0.002	0.002	0.000	0.000	-	PC	0.112545542268553	0.051	0.049	0.000	0.002
SRGAP3	0.007	0.007	0.000	0.000	CC	-	0.112270440986314	0.051	0.051	0.000	0.000
CNTNAP2	0.002	0.002	0.000	0.000	-	-	0.111850644203503	0.128	0.128	0.000	0.000
PDZD2	0.004	0.002	0.000	0.002	-	-	0.110331653457836	0.084	0.058	0.000	0.027
APOA4	0.004	0.004	0.000	0.000	-	-	0.1097207927105	0.020	0.020	0.000	0.000
RBL2	0.002	0.002	0.000	0.000	-	-	0.109531955744776	0.029	0.029	0.000	0.000
DDX20	0.004	0.004	0.000	0.000	-	-	0.109519533873252	0.009	0.009	0.000	0.000
LPA	0.002	0.002	0.000	0.000	-	-	0.106116000156878	0.073	0.073	0.000	0.000
GRIK4	0.022	0.022	0.000	0.000	-	-	0.105362427307552	0.051	0.051	0.000	0.000
GRIA4	0.018	0.018	0.000	0.000	-	-	0.102689247931182	0.042	0.042	0.000	0.000
ZNF423	0.018	0.018	0.000	0.000	-	-	0.102424339158893	0.080	0.080	0.000	0.000
PIP4K2C	0.013	0.002	0.000	0.011	-	-	0.10096888624064	0.027	0.011	0.000	0.015
PLXNB3	0.011	0.011	0.000	0.000	-	-	0.0977656517089214	0.035	0.027	0.000	0.009
LRP10	0.007	0.004	0.000	0.002	-	-	0.0967945587750474	0.022	0.018	0.000	0.004
APH1A	0.002	0.000	0.000	0.002	-	-	0.0931036347400478	0.022	0.007	0.000	0.015
PCDHB15	0.004	0.004	0.000	0.000	-	-	0.0925987115061797	0.035	0.035	0.000	0.000
ITPR1	0.007	0.007	0.000	0.000	-	-	0.0895811406674679	0.022	0.022	0.000	0.000
MAPK8IP3	0.002	0.002	0.000	0.000	-	-	0.0892933641294447	0.011	0.011	0.000	0.000
JMJD1C	0.007	0.007	0.000	0.000	-	-	0.0884009791360908	0.044	0.042	0.000	0.002
COL9A2	0.002	0.002	0.000	0.000	-	-	0.087959225783573	0.013	0.009	0.000	0.004
MKI67	0.015	0.015	0.000	0.000	-	-	0.0867442608038917	0.080	0.080	0.000	0.000
CELSR2	0.004	0.004	0.000	0.000	-	-	0.08634512578579	0.040	0.040	0.000	0.000
CDKN2B	0.018	0.000	0.018	0.000	-	-	0.0856446246635127	0.082	0.000	0.082	0.000
GAPDHS	0.002	0.002	0.000	0.000	-	-	0.0853364547686606	0.024	0.013	0.000	0.011
CSNK2A1	0.002	0.002	0.000	0.000	-	-	0.0843378294160723	0.018	0.018	0.000	0.000
PLD2	0.002	0.002	0.000	0.000	-	-	0.0829866925405644	0.013	0.013	0.000	0.000
CYCS	0.002	0.002	0.000	0.000	-	-	0.0828736173783535	0.009	0.004	0.000	0.004
PTGIS	0.002	0.000	0.000	0.002	-	-	0.0814379831387872	0.024	0.022	0.000	0.002
FAT2	0.004	0.004	0.000	0.000	-	-	0.0811974950949088	0.084	0.084	0.000	0.000
LPL	0.007	0.002	0.004	0.000	-	-	0.0805266360730515	0.020	0.011	0.009	0.000
PLXNB1	0.013	0.013	0.000	0.000	-	-	0.0797524551008871	0.022	0.022	0.000	0.000
F7	0.002	0.002	0.000	0.000	-	-	0.0793939248948779	0.024	0.020	0.002	0.002
GRIK1	0.015	0.015	0.000	0.000	-	-	0.0762895625347446	0.042	0.042	0.000	0.000
KRT14	0.004	0.004	0.000	0.000	-	-	0.075851193175548	0.020	0.018	0.000	0.002
HIPK2	0.002	0.002	0.000	0.000	-	-	0.075458950707521	0.015	0.013	0.000	0.002
ADAMTS16	0.020	0.018	0.000	0.004	-	-	0.0741589632524212	0.111	0.084	0.000	0.038
C3	0.011	0.011	0.000	0.000	-	-	0.0733540043795014	0.031	0.031	0.000	0.000
LIN7B	0.002	0.002	0.000	0.000	-	-	0.0723290575127732	0.002	0.002	0.000	0.000
TNN	0.004	0.004	0.000	0.000	-	-	0.0711426200334018	0.139	0.137	0.000	0.002
HDAC8	0.002	0.000	0.000	0.002	-	-	0.070725696018069	0.007	0.002	0.000	0.004
C8A	0.009	0.009	0.000	0.000	-	-	0.0703806939743342	0.033	0.031	0.002	0.000
FBN1	0.004	0.004	0.000	0.000	-	-	0.0702110180428736	0.044	0.044	0.000	0.000
CACNG3	0.011	0.011	0.000	0.000	-	-	0.0689937661274993	0.027	0.027	0.000	0.000
GRIN2D	0.007	0.007	0.000	0.000	-	-	0.0680610057136804	0.018	0.018	0.000	0.000
COL13A1	0.002	0.002	0.000	0.000	-	-	0.0679855902512936	0.011	0.011	0.000	0.000
CDH2	0.002	0.002	0.000	0.000	-	-	0.0674159877809493	0.055	0.051	0.000	0.004
KIF1B	0.002	0.002	0.000	0.000	-	-	0.0654317664128215	0.031	0.031	0.000	0.000
SELPLG	0.002	0.002	0.000	0.000	-	-	0.0642493414499201	0.004	0.004	0.000	0.000
SEMA6A	0.004	0.004	0.000	0.000	-	-	0.0632379657452378	0.042	0.042	0.000	0.000
IRAK1	0.004	0.000	0.000	0.004	-	-	0.0611582740819216	0.013	0.007	0.000	0.007
ADAMTS8	0.007	0.007	0.000	0.000	-	-	0.0606580529397714	0.027	0.027	0.000	0.000
PPP1R12A	0.002	0.002	0.000	0.000	-	-	0.0604337284237186	0.013	0.013	0.000	0.000
APBA1	0.004	0.004	0.000	0.000	-	-	0.0598704292235406	0.022	0.022	0.000	0.000
GTF3C4	0.004	0.004	0.000	0.000	-	-	0.0596524592338963	0.009	0.009	0.000	0.000
ITGB6	0.002	0.002	0.000	0.000	-	-	0.0595874744363458	0.024	0.022	0.000	0.002
CDH22	0.002	0.002	0.000	0.000	-	-	0.0593260313847038	0.042	0.040	0.000	0.002
ASAP1	0.002	0.002	0.000	0.000	-	-	0.058389580420879	0.066	0.044	0.000	0.022
CCNT1	0.004	0.004	0.000	0.000	-	-	0.0577842495476575	0.015	0.015	0.000	0.000
PCDHB3	0.002	0.002	0.000	0.000	-	-	0.0571726324123208	0.062	0.062	0.000	0.000
PCSK5	0.002	0.002	0.000	0.000	-	-	0.0570904305968903	0.053	0.053	0.000	0.000
EBF2	0.015	0.009	0.007	0.000	-	-	0.0570469436709776	0.029	0.018	0.011	0.000
CNTNAP1	0.011	0.011	0.000	0.000	-	-	0.0564898311286657	0.024	0.024	0.000	0.002
DSC1	0.011	0.011	0.000	0.000	-	-	0.0563995675869108	0.033	0.027	0.000	0.007
C8B	0.007	0.007	0.000	0.000	-	-	0.0547926698968214	0.051	0.046	0.002	0.002
ADAMTS6	0.011	0.011	0.000	0.000	-	-	0.0540224329226929	0.033	0.031	0.002	0.000
DLAT	0.002	0.002	0.000	0.000	-	-	0.0536718511688821	0.007	0.007	0.000	0.000
KLB	0.004	0.004	0.000	0.000	-	-	0.05334143764541	0.033	0.033	0.000	0.000
RRM2	0.007	0.007	0.000	0.000	-	-	0.0531887440138964	0.011	0.011	0.000	0.000
FHL5	0.007	0.007	0.000	0.000	-	-	0.0531645559427417	0.031	0.031	0.000	0.000
TGS1	0.002	0.002	0.000	0.000	-	-	0.0527977991816281	0.031	0.018	0.000	0.013
ULK1	0.002	0.002	0.000	0.000	-	-	0.0526361205421033	0.015	0.015	0.000	0.000
KCNQ5	0.007	0.004	0.000	0.002	-	-	0.0518691112191323	0.024	0.022	0.000	0.002
PKP1	0.002	0.002	0.000	0.000	-	-	0.0507082668805538	0.027	0.020	0.000	0.007
PARK2	0.002	0.002	0.000	0.000	-	-	0.050674664577558	0.022	0.020	0.002	0.000
CREM	0.002	0.002	0.000	0.000	-	-	0.0501450987114316	0.007	0.007	0.000	0.000
FOXM1	0.009	0.004	0.000	0.004	-	-	0.0492703727932772	0.018	0.013	0.000	0.004
ROBO3	0.004	0.004	0.000	0.000	-	-	0.0484525474628109	0.033	0.033	0.000	0.000
SEMA6C	0.004	0.000	0.000	0.004	-	-	0.0483877916901678	0.027	0.011	0.000	0.015
PAX9	0.004	0.002	0.000	0.004	-	-	0.0482795745066033	0.066	0.002	0.002	0.064
OLR1	0.011	0.004	0.004	0.002	-	-	0.0474847627417233	0.024	0.015	0.004	0.004
CHRM1	0.002	0.002	0.000	0.000	-	-	0.0472972386022861	0.007	0.007	0.000	0.000
SEMA6B	0.004	0.004	0.000	0.000	-	-	0.0472124138302106	0.027	0.024	0.002	0.000
ITPR3	0.004	0.004	0.000	0.000	-	-	0.0471957337796905	0.033	0.033	0.000	0.000
CACNA1H	0.004	0.004	0.000	0.000	-	-	0.0471595906827751	0.033	0.033	0.000	0.000
SRCAP	0.013	0.013	0.000	0.000	-	-	0.0469415892056225	0.084	0.084	0.000	0.004
PLXND1	0.009	0.009	0.000	0.000	-	-	0.0456623272405947	0.024	0.024	0.000	0.000
GIT2	0.002	0.002	0.000	0.000	-	-	0.0455051702814215	0.009	0.009	0.000	0.000
ADAMTS2	0.015	0.015	0.000	0.000	-	-	0.0454699176726674	0.075	0.075	0.000	0.000
SLC9A3R1	0.002	0.002	0.000	0.000	-	-	0.04498634845409	0.004	0.002	0.000	0.002
PLOD2	0.002	0.002	0.000	0.000	-	-	0.0447418168336405	0.020	0.020	0.000	0.000
EFTUD2	0.004	0.004	0.000	0.000	-	-	0.0446742779962078	0.015	0.013	0.000	0.002
CRY1	0.002	0.002	0.000	0.000	-	-	0.0439259034821361	0.015	0.015	0.000	0.000
CFP	0.004	0.004	0.000	0.000	-	-	0.0438493117486153	0.015	0.009	0.000	0.007
GZMH	0.002	0.002	0.000	0.000	-	-	0.043823248850415	0.018	0.015	0.000	0.002
CACNA2D1	0.009	0.009	0.000	0.000	-	-	0.0429417827786523	0.080	0.080	0.000	0.000
NPPC	0.002	0.002	0.000	0.000	-	-	0.0421003118404004	0.004	0.004	0.000	0.000
AHR	0.011	0.007	0.000	0.004	-	-	0.0418483222565613	0.035	0.022	0.000	0.013
MCM6	0.002	0.002	0.000	0.000	-	-	0.0417808498228659	0.031	0.031	0.000	0.000
TLR9	0.002	0.002	0.000	0.000	-	-	0.0417146118905396	0.020	0.020	0.000	0.000
TAF4	0.007	0.007	0.000	0.000	-	-	0.0406713619817677	0.022	0.022	0.000	0.000
ARHGAP26	0.002	0.002	0.000	0.000	-	-	0.0397923618057617	0.004	0.004	0.000	0.000
EGLN3	0.007	0.004	0.000	0.002	-	-	0.0381974558379707	0.044	0.007	0.000	0.038
CACNG6	0.004	0.004	0.000	0.000	-	-	0.0374565444372803	0.018	0.018	0.000	0.000
HOXA7	0.002	0.000	0.000	0.002	-	-	0.037321568321173	0.018	0.009	0.000	0.009
NGFR	0.002	0.002	0.000	0.000	-	-	0.037041796056517	0.011	0.011	0.000	0.000
MYBPC1	0.004	0.004	0.000	0.000	-	-	0.0360383705819784	0.042	0.042	0.000	0.000
MAST1	0.002	0.002	0.000	0.000	-	-	0.035479744600235	0.020	0.020	0.000	0.000
DTX3	0.011	0.004	0.000	0.007	-	-	0.0353868208194438	0.024	0.009	0.000	0.015
APOA5	0.007	0.007	0.000	0.000	-	-	0.0353381831576801	0.018	0.018	0.000	0.000
PCDH15	0.004	0.004	0.000	0.000	-	-	0.0351673209753508	0.197	0.195	0.000	0.002
ADAM12	0.004	0.004	0.000	0.000	-	-	0.0347982323759628	0.031	0.031	0.000	0.000
RAPGEF4	0.002	0.002	0.000	0.000	-	-	0.03451278136265	0.018	0.018	0.000	0.000
FES	0.002	0.002	0.000	0.000	-	PC	0.0341827545483002	0.004	0.002	0.000	0.002
RECQL4	0.004	0.004	0.000	0.000	CC	-	0.0333747893329708	0.013	0.013	0.000	0.000
SIGLEC1	0.002	0.002	0.000	0.000	-	-	0.0329107185710268	0.040	0.040	0.000	0.000
KIR3DL2	0.002	0.002	0.000	0.000	-	-	0.0327108627864739	0.064	0.062	0.002	0.000
ZNF143	0.002	0.002	0.000	0.000	-	-	0.0323072169411799	0.011	0.007	0.004	0.000
P4HB	0.009	0.009	0.000	0.000	-	-	0.0317692913331393	0.009	0.009	0.000	0.000
MYBL2	0.002	0.002	0.000	0.000	-	-	0.0316611839828531	0.022	0.022	0.000	0.000
GUCY2F	0.009	0.009	0.000	0.000	-	-	0.0316126744808284	0.049	0.046	0.000	0.002
EPHA7	0.009	0.009	0.000	0.000	-	-	0.0315365336599366	0.053	0.053	0.000	0.000
SEMA4D	0.002	0.002	0.000	0.000	-	-	0.0314681651095996	0.013	0.013	0.000	0.000
PCSK1	0.004	0.004	0.000	0.000	-	-	0.0313342622908355	0.020	0.020	0.000	0.000
ADD1	0.009	0.009	0.000	0.000	-	-	0.0309139533228996	0.011	0.011	0.000	0.000
RHOU	0.004	0.004	0.000	0.000	-	-	0.03060693444991	0.009	0.004	0.000	0.004
HIPK3	0.007	0.007	0.000	0.000	-	-	0.0304928323114485	0.018	0.018	0.000	0.000
EBF3	0.011	0.011	0.000	0.000	-	-	0.0302586543243478	0.035	0.035	0.000	0.000
BACE1	0.002	0.002	0.000	0.000	-	-	0.0300181253558646	0.011	0.011	0.000	0.000
DAXX	0.004	0.004	0.000	0.000	CC	-	0.0298500314119607	0.013	0.013	0.000	0.000
SCN4A	0.002	0.002	0.000	0.000	-	-	0.0296373410194305	0.051	0.051	0.000	0.000
C1R	0.002	0.002	0.000	0.000	-	-	0.0294403591975066	0.013	0.009	0.000	0.004
F2R	0.002	0.002	0.000	0.000	-	-	0.0291619487267785	0.020	0.020	0.000	0.000
SH2D3C	0.002	0.002	0.000	0.000	-	-	0.0290897539624456	0.027	0.027	0.000	0.000
COL20A1	0.002	0.002	0.000	0.000	-	-	0.0289816940171752	0.038	0.035	0.000	0.002
MAP1B	0.002	0.002	0.000	0.000	-	-	0.0289481898412695	0.069	0.066	0.002	0.000
GRIA1	0.004	0.004	0.000	0.000	-	-	0.0289242322272087	0.022	0.022	0.000	0.000
SPTB	0.004	0.004	0.000	0.000	-	-	0.0286037771391062	0.044	0.044	0.000	0.000
LHX3	0.002	0.002	0.000	0.000	-	-	0.028602094576246	0.009	0.007	0.002	0.000
BDP1	0.004	0.004	0.000	0.000	-	-	0.028399458596341	0.064	0.062	0.002	0.000
DTX2	0.002	0.002	0.000	0.000	-	-	0.0278870611861677	0.011	0.011	0.000	0.000
ACTR2	0.002	0.002	0.000	0.000	-	-	0.0278870611861677	0.007	0.007	0.000	0.000
SPINT1	0.002	0.002	0.000	0.000	-	-	0.027771675833419	0.002	0.002	0.000	0.000
PDIA6	0.002	0.002	0.000	0.000	-	-	0.0276658494212889	0.007	0.007	0.000	0.000
PROS1	0.002	0.002	0.000	0.000	-	-	0.0275905251473259	0.046	0.046	0.000	0.000
IMPA1	0.004	0.000	0.000	0.004	-	-	0.0274900154178288	0.029	0.002	0.000	0.027
IPO4	0.002	0.000	0.000	0.002	-	-	0.027113365769356	0.015	0.013	0.000	0.002
TBRG4	0.002	0.002	0.000	0.000	-	-	0.027044013874398	0.022	0.015	0.000	0.007
MNDA	0.009	0.007	0.000	0.002	-	-	0.0268976079178966	0.035	0.031	0.000	0.004
PDIA4	0.004	0.004	0.000	0.000	-	-	0.0268950629044129	0.015	0.015	0.000	0.000
SIM1	0.002	0.002	0.000	0.000	-	-	0.0267568515642396	0.035	0.035	0.000	0.000
SPRR3	0.002	0.002	0.000	0.000	-	-	0.0266838390506821	0.042	0.038	0.000	0.004
NPAS4	0.004	0.004	0.000	0.000	-	-	0.0264315376148786	0.035	0.035	0.000	0.000
PLXNA3	0.007	0.007	0.000	0.000	-	-	0.0261437279447439	0.038	0.033	0.000	0.004
GARNL3	0.002	0.002	0.000	0.000	-	-	0.0260676030223973	0.020	0.020	0.000	0.000
FGF7	0.002	0.002	0.000	0.000	-	-	0.0252586705388226	0.007	0.007	0.000	0.000
GUCY1A3	0.007	0.004	0.000	0.002	-	-	0.0252394874858533	0.033	0.029	0.000	0.004
EBF1	0.007	0.007	0.000	0.000	CC	-	0.0251132001413736	0.022	0.022	0.000	0.000
FRYL	0.011	0.011	0.000	0.000	-	-	0.0248279660122761	0.051	0.049	0.000	0.002
TNNC2	0.002	0.002	0.000	0.000	-	-	0.0246448782084	0.004	0.004	0.000	0.000
SCN8A	0.002	0.002	0.000	0.000	-	-	0.0246310855764881	0.051	0.051	0.000	0.000
S100A7	0.002	0.002	0.000	0.000	-	-	0.0246306505096206	0.024	0.020	0.000	0.004
ITSN1	0.007	0.007	0.000	0.000	-	-	0.024621175878688	0.046	0.046	0.000	0.000
LMO7	0.004	0.002	0.002	0.000	-	-	0.0232743056555739	0.038	0.035	0.002	0.000
PIAS3	0.004	0.002	0.000	0.002	-	-	0.0232129425567297	0.046	0.035	0.000	0.011
FAF1	0.002	0.000	0.002	0.000	-	-	0.0229881145673586	0.018	0.015	0.002	0.000
C5AR1	0.004	0.004	0.000	0.000	-	-	0.0227440683752998	0.011	0.011	0.000	0.000
THBD	0.004	0.002	0.000	0.002	-	-	0.0226020242751496	0.011	0.007	0.002	0.002
C5	0.002	0.002	0.000	0.000	-	-	0.0225434814286819	0.011	0.011	0.000	0.000
CHAF1A	0.002	0.002	0.000	0.000	-	-	0.0223367498181248	0.024	0.022	0.002	0.000
LCP2	0.002	0.000	0.000	0.002	-	-	0.0221341479514653	0.018	0.015	0.000	0.002
SAP30BP	0.004	0.002	0.000	0.002	-	-	0.0216684108916458	0.013	0.011	0.000	0.002
GATA4	0.004	0.002	0.002	0.000	-	-	0.0215940117323102	0.022	0.013	0.009	0.000
MTTP	0.004	0.004	0.000	0.000	-	-	0.0215799672537885	0.024	0.024	0.000	0.000
NOLC1	0.004	0.004	0.000	0.000	-	-	0.0208090707511044	0.007	0.007	0.000	0.000
SEMA4C	0.002	0.002	0.000	0.000	-	-	0.0206964819839117	0.018	0.011	0.000	0.007
MMP15	0.002	0.002	0.000	0.000	-	-	0.0205636839904806	0.011	0.011	0.000	0.000
PARVA	0.002	0.000	0.000	0.002	-	-	0.020507425774601	0.013	0.007	0.004	0.002
RNF2	0.002	0.002	0.000	0.000	-	-	0.0204433740035539	0.009	0.007	0.000	0.002
BMP1	0.002	0.002	0.000	0.000	-	-	0.020418008027768	0.027	0.015	0.011	0.000
PCDH12	0.002	0.002	0.000	0.000	-	-	0.020167622644215	0.042	0.042	0.000	0.000
PPARGC1B	0.002	0.002	0.000	0.000	-	-	0.0201235714394466	0.038	0.038	0.000	0.000
MST1	0.002	0.002	0.000	0.000	-	PC	0.0200961492557377	0.015	0.015	0.000	0.000
HLA-A	0.002	0.002	0.000	0.000	-	PC	0.0200363257467789	0.022	0.020	0.002	0.000
LEF1	0.002	0.002	0.000	0.000	-	-	0.0199851067045069	0.022	0.022	0.000	0.000
SIAH2	0.002	0.002	0.000	0.000	-	-	0.0199783299315564	0.009	0.009	0.000	0.000
BAZ1A	0.002	0.000	0.000	0.002	-	-	0.0198874316879759	0.053	0.020	0.000	0.035
PPARA	0.002	0.002	0.000	0.000	-	-	0.0197269276781207	0.009	0.004	0.004	0.000
ADAMTS19	0.007	0.007	0.000	0.000	-	-	0.0196725837488398	0.055	0.053	0.000	0.002
UBR5	0.007	0.007	0.000	0.000	-	-	0.0196375396322234	0.073	0.062	0.000	0.013
ESRRB	0.007	0.007	0.000	0.000	-	-	0.019542334112588	0.027	0.024	0.002	0.000
EEF1A1	0.002	0.002	0.000	0.000	-	PC	0.0195338177531316	0.018	0.015	0.000	0.002
NEFL	0.002	0.002	0.000	0.000	-	-	0.0195312486353065	0.020	0.011	0.009	0.000
ADAMTS7	0.007	0.007	0.000	0.000	-	-	0.0195310423030015	0.040	0.040	0.000	0.000
DBF4	0.002	0.002	0.000	0.000	-	-	0.0194121055616493	0.007	0.007	0.000	0.000
GNAZ	0.002	0.002	0.000	0.000	-	-	0.0193828014441637	0.015	0.011	0.000	0.004
POLR3D	0.002	0.000	0.002	0.000	-	-	0.0189912195274684	0.018	0.007	0.011	0.000
BRCC3	0.007	0.002	0.000	0.004	-	-	0.0186897706000418	0.011	0.007	0.000	0.004
PCDHB8	0.002	0.002	0.000	0.000	-	-	0.0185802374400685	0.071	0.071	0.000	0.000
PLCD4	0.007	0.007	0.000	0.000	-	-	0.0183214263035504	0.011	0.011	0.000	0.000
PCDHB16	0.002	0.002	0.000	0.000	-	-	0.0182881281924972	0.051	0.051	0.000	0.000
PTPRH	0.007	0.007	0.000	0.000	-	-	0.0181995873082457	0.042	0.042	0.000	0.000
BCAR3	0.002	0.000	0.000	0.002	-	-	0.0178828409508692	0.007	0.002	0.000	0.004
POLR3A	0.002	0.002	0.000	0.000	-	-	0.0178719247972924	0.038	0.038	0.000	0.000
PLXNC1	0.004	0.004	0.000	0.000	-	-	0.017860946840448	0.018	0.018	0.000	0.000
APBB2	0.002	0.002	0.000	0.000	-	-	0.0173960072815704	0.018	0.018	0.000	0.000
PPP2R5D	0.002	0.002	0.000	0.000	-	-	0.017345004099118	0.013	0.011	0.000	0.002
OCRL	0.007	0.004	0.000	0.002	-	-	0.0171026643751863	0.027	0.018	0.000	0.009
PDK3	0.002	0.002	0.000	0.000	-	-	0.0169870341839917	0.011	0.009	0.000	0.002
ITK	0.007	0.007	0.000	0.000	CC	-	0.0169832016885972	0.031	0.031	0.000	0.000
NRG1	0.004	0.004	0.000	0.000	-	-	0.0169187761606533	0.040	0.033	0.007	0.000
DRD2	0.004	0.004	0.000	0.000	-	-	0.0168747719006478	0.038	0.038	0.000	0.000
ARHGEF15	0.004	0.004	0.000	0.000	-	-	0.0167441394860106	0.024	0.024	0.000	0.000
IL16	0.002	0.002	0.000	0.000	-	-	0.0166170780973283	0.042	0.042	0.000	0.000
CEBPE	0.002	0.002	0.000	0.000	-	-	0.0165196210845754	0.022	0.018	0.000	0.004
KCNAB1	0.002	0.002	0.000	0.000	-	-	0.0165096307899461	0.009	0.009	0.000	0.000
CHD1L	0.004	0.004	0.000	0.000	-	-	0.0163527993383015	0.031	0.015	0.000	0.015
ADAMTS14	0.007	0.007	0.000	0.000	-	-	0.0162765728503396	0.040	0.040	0.000	0.000
BMPR1A	0.004	0.004	0.000	0.000	CC	-	0.0160761285683316	0.009	0.009	0.000	0.000
TIE1	0.002	0.002	0.000	0.000	-	-	0.0160518770299197	0.027	0.022	0.000	0.004
GNAQ	0.002	0.002	0.000	0.000	CC	-	0.0158018169479567	0.011	0.011	0.000	0.000
ADCY9	0.002	0.002	0.000	0.000	-	-	0.015797362129645	0.022	0.022	0.000	0.000
IHH	0.002	0.002	0.000	0.000	-	-	0.0157784031743144	0.007	0.007	0.000	0.000
GTF3C2	0.002	0.002	0.000	0.000	-	-	0.0157467917380732	0.011	0.011	0.000	0.000
CACNB1	0.002	0.000	0.000	0.002	-	-	0.0156872787155029	0.018	0.009	0.000	0.009
OBSCN	0.004	0.004	0.000	0.000	-	-	0.0156238045263977	0.146	0.142	0.000	0.004
DSG2	0.004	0.004	0.000	0.000	-	-	0.0152477541566567	0.031	0.024	0.000	0.007
ERO1L	0.002	0.002	0.000	0.000	-	-	0.0152364619379764	0.013	0.011	0.000	0.002
MLL	0.007	0.007	0.000	0.000	CC	PC	0.0151849149983016	0.060	0.060	0.000	0.000
CARD8	0.004	0.004	0.000	0.000	-	-	0.0151694796428264	0.044	0.044	0.000	0.000
SOCS5	0.004	0.004	0.000	0.000	-	-	0.0150599452047465	0.013	0.011	0.000	0.002
RTN1	0.004	0.004	0.000	0.000	-	-	0.0148431010059264	0.035	0.035	0.000	0.000
LBR	0.002	0.002	0.000	0.000	-	-	0.0148101917046746	0.011	0.009	0.000	0.002
ARNTL2	0.004	0.002	0.000	0.002	-	-	0.0147908837430398	0.027	0.013	0.000	0.013
AKAP9	0.004	0.004	0.000	0.000	CC	PC	0.0147316499137806	0.073	0.071	0.000	0.004
GRIN2C	0.002	0.002	0.000	0.000	-	-	0.0145970256263318	0.018	0.015	0.000	0.002
FASLG	0.002	0.002	0.000	0.000	-	-	0.0144774468074462	0.020	0.018	0.000	0.002
KIF15	0.002	0.002	0.000	0.000	-	-	0.0144719702231999	0.015	0.015	0.000	0.000
CDT1	0.002	0.002	0.000	0.000	-	-	0.0142882910278713	0.013	0.011	0.002	0.000
CAV3	0.002	0.002	0.000	0.000	-	-	0.0141163369489196	0.007	0.007	0.000	0.000
TRPC3	0.004	0.004	0.000	0.000	-	-	0.0139404113318018	0.024	0.024	0.000	0.000
TAP2	0.002	0.002	0.000	0.000	-	-	0.0138957445225697	0.013	0.013	0.000	0.000
DUSP4	0.004	0.002	0.002	0.000	-	-	0.0138447683394028	0.015	0.004	0.011	0.000
CCR4	0.004	0.004	0.000	0.000	-	-	0.0137076221408701	0.007	0.007	0.000	0.000
SERPINB2	0.004	0.004	0.000	0.000	-	-	0.0135921499223623	0.042	0.040	0.000	0.002
TCRB	0.002	0.002	0.000	0.000	-	-	0.013529367100135	0.027	0.027	0.000	0.000
FGF5	0.002	0.000	0.000	0.002	-	-	0.0134994038966569	0.011	0.009	0.000	0.002
INPPL1	0.002	0.002	0.000	0.000	-	-	0.0133176608347608	0.027	0.024	0.000	0.002
CAPN3	0.002	0.002	0.000	0.000	-	-	0.0132681126092305	0.011	0.011	0.000	0.000
MSH3	0.002	0.002	0.000	0.000	-	-	0.0132362201765172	0.011	0.011	0.000	0.000
LATS1	0.002	0.002	0.000	0.000	-	-	0.0131841121478155	0.029	0.029	0.000	0.000
MATN2	0.002	0.000	0.000	0.002	-	-	0.0130937844835137	0.033	0.022	0.000	0.013
EFEMP2	0.002	0.002	0.000	0.000	-	-	0.0126803372253818	0.009	0.009	0.000	0.000
IGFBP5	0.002	0.002	0.000	0.000	-	-	0.0125978711756706	0.011	0.011	0.000	0.000
NLGN3	0.002	0.002	0.000	0.000	-	-	0.0125757187456019	0.027	0.024	0.000	0.002
KCNA7	0.002	0.002	0.000	0.000	-	-	0.0125611150286437	0.007	0.007	0.000	0.000
PCSK6	0.002	0.002	0.000	0.000	-	-	0.0125374237172393	0.018	0.018	0.000	0.000
CUL5	0.002	0.002	0.000	0.000	-	-	0.0125195738569192	0.007	0.007	0.000	0.000
LPP	0.002	0.002	0.000	0.000	CC	PC	0.0124840928250624	0.024	0.022	0.000	0.004
TNS1	0.002	0.002	0.000	0.000	-	-	0.0124164143495091	0.038	0.038	0.000	0.000
SERPINE2	0.002	0.002	0.000	0.000	-	-	0.0123606721110638	0.013	0.013	0.000	0.000
FMR1	0.002	0.002	0.000	0.000	-	-	0.0123039219118942	0.035	0.024	0.000	0.011
DUSP2	0.002	0.000	0.000	0.002	-	-	0.0121919436399328	0.009	0.004	0.000	0.004
AHRR	0.002	0.000	0.000	0.002	-	-	0.0121687609749858	0.060	0.015	0.000	0.049
DOK1	0.002	0.002	0.000	0.000	-	-	0.0121638030690313	0.013	0.013	0.000	0.000
SUPT16H	0.004	0.004	0.000	0.000	-	-	0.0121428124178879	0.027	0.024	0.000	0.002
PTPRM	0.002	0.002	0.000	0.000	-	-	0.0119503178021227	0.027	0.024	0.000	0.002
PPP2R1A	0.002	0.002	0.000	0.000	CC	PC	0.011737592206602	0.020	0.020	0.000	0.000
MAPK7	0.002	0.002	0.000	0.000	-	-	0.0117196674194371	0.015	0.009	0.000	0.007
CX3CR1	0.002	0.002	0.000	0.000	-	-	0.0116815236386571	0.022	0.022	0.000	0.000
CTSL2	0.004	0.004	0.000	0.000	-	-	0.0116559935200155	0.009	0.009	0.000	0.000
KCNH2	0.002	0.002	0.000	0.000	-	-	0.0116027425012541	0.031	0.031	0.000	0.000
SF3B1	0.007	0.007	0.000	0.000	CC	PC	0.0114826143338428	0.024	0.024	0.000	0.000
ANGPT4	0.002	0.002	0.000	0.000	-	-	0.0114050218408797	0.024	0.024	0.000	0.000
CDKN1B	0.002	0.002	0.000	0.000	-	PC	0.0114002752175109	0.015	0.011	0.002	0.002
MDK	0.002	0.002	0.000	0.000	-	-	0.0113638402658038	0.002	0.002	0.000	0.000
MAX	0.004	0.004	0.000	0.000	-	PC	0.0112248973018905	0.015	0.015	0.000	0.000
TRIP12	0.002	0.002	0.000	0.000	-	-	0.0112036863550226	0.029	0.029	0.000	0.000
PDIA3	0.002	0.002	0.000	0.000	-	-	0.0111993108877158	0.007	0.007	0.000	0.000
IL3RA	0.002	0.002	0.000	0.000	-	-	0.010786536889325	0.024	0.015	0.000	0.009
SCIN	0.004	0.004	0.000	0.000	-	-	0.0107687067326641	0.018	0.009	0.000	0.009
NLGN1	0.002	0.002	0.000	0.000	-	-	0.010759280332589	0.058	0.055	0.000	0.004
CHRM2	0.004	0.004	0.000	0.000	-	-	0.0106640840277913	0.060	0.060	0.000	0.000
PLAUR	0.002	0.002	0.000	0.000	-	-	0.010633630052673	0.011	0.007	0.000	0.004
AQP7	0.002	0.002	0.000	0.000	-	-	0.0106204648892252	0.013	0.013	0.000	0.000
TOLLIP	0.004	0.004	0.000	0.000	-	-	0.0105348413382312	0.007	0.004	0.002	0.000
SERPINE1	0.004	0.004	0.000	0.000	-	-	0.0104688530607363	0.029	0.027	0.000	0.002
CDC7	0.004	0.002	0.000	0.002	-	-	0.0102705719615288	0.018	0.013	0.000	0.004
SRF	0.002	0.002	0.000	0.000	-	-	0.0102563920968023	0.004	0.002	0.000	0.002
PAFAH1B1	0.004	0.004	0.000	0.000	-	-	0.0101185143192802	0.004	0.004	0.000	0.000
MYL1	0.002	0.002	0.000	0.000	-	-	0.0100927956765637	0.009	0.009	0.000	0.000
DPYSL2	0.002	0.002	0.000	0.000	-	-	0.00999901203713856	0.033	0.020	0.011	0.002
ASCC3	0.002	0.002	0.000	0.000	-	-	0.00999325990753438	0.033	0.033	0.000	0.000
PLCD3	0.002	0.002	0.000	0.000	-	-	0.00998700153685175	0.004	0.002	0.000	0.002
IPO8	0.002	0.002	0.000	0.000	-	-	0.0099333095514946	0.029	0.020	0.000	0.009
PCDHB10	0.002	0.002	0.000	0.000	-	-	0.00982303210597356	0.058	0.058	0.000	0.000
KLF4	0.002	0.002	0.000	0.000	-	-	0.00974028081341354	0.015	0.015	0.000	0.000
LDLRAD3	0.002	0.002	0.000	0.000	-	-	0.00967186060379507	0.015	0.015	0.000	0.000
ADCY5	0.002	0.002	0.000	0.000	-	-	0.0096640484568471	0.042	0.042	0.000	0.000
SPTBN4	0.002	0.002	0.000	0.000	-	-	0.00965779437122728	0.051	0.044	0.000	0.009
PYGO2	0.002	0.000	0.000	0.002	-	-	0.00961538936348122	0.020	0.011	0.000	0.009
TRAF6	0.002	0.002	0.000	0.000	-	-	0.00961337191284201	0.009	0.009	0.000	0.000
HSP90AB1	0.002	0.002	0.000	0.000	-	PC	0.00960176177385954	0.018	0.015	0.000	0.002
PIP4K2A	0.002	0.002	0.000	0.000	-	-	0.009592513653006	0.011	0.011	0.000	0.000
NGEF	0.002	0.002	0.000	0.000	-	-	0.00952000974308259	0.015	0.015	0.000	0.000
CCR6	0.002	0.002	0.000	0.000	-	-	0.00951608437405763	0.018	0.018	0.000	0.000
TP73	0.002	0.002	0.000	0.000	-	-	0.00950578831661104	0.011	0.011	0.000	0.000
FGF21	0.002	0.002	0.000	0.000	-	-	0.00947827903037429	0.007	0.007	0.000	0.000
HNRNPA2B1	0.002	0.000	0.000	0.002	CC	-	0.00943035280278925	0.020	0.015	0.000	0.004
MAP2K3	0.002	0.002	0.000	0.000	-	-	0.00942014521232938	0.024	0.024	0.000	0.000
PDE1C	0.004	0.004	0.000	0.000	-	-	0.0093711962114962	0.053	0.049	0.000	0.004
SMARCA5	0.004	0.004	0.000	0.000	-	-	0.00931358251444938	0.011	0.011	0.000	0.000
PRLR	0.002	0.002	0.000	0.000	-	-	0.00918775406761354	0.060	0.031	0.000	0.031
TRPV1	0.002	0.002	0.000	0.000	-	-	0.0088779396330063	0.004	0.004	0.000	0.000
SPTBN1	0.004	0.004	0.000	0.000	-	-	0.00879992542010931	0.040	0.035	0.000	0.004
NCOA6	0.002	0.002	0.000	0.000	-	-	0.00876830028365834	0.051	0.046	0.000	0.004
AQP1	0.002	0.000	0.000	0.002	-	-	0.00875214862222945	0.004	0.000	0.000	0.004
POLA2	0.002	0.002	0.000	0.000	-	-	0.00873957685762892	0.011	0.011	0.000	0.000
NRG3	0.002	0.002	0.000	0.000	-	-	0.00870857569288659	0.046	0.046	0.000	0.000
RBPJ	0.002	0.002	0.000	0.000	-	-	0.00865087738779991	0.015	0.011	0.000	0.007
MED21	0.002	0.000	0.000	0.002	-	-	0.00864403029030984	0.020	0.004	0.000	0.015
PAFAH1B2	0.002	0.002	0.000	0.000	CC	-	0.00862627304309126	0.004	0.004	0.000	0.000
NTF4	0.002	0.002	0.000	0.000	-	-	0.00858544874685347	0.004	0.004	0.000	0.000
FRY	0.002	0.002	0.000	0.000	-	-	0.00855619660640133	0.053	0.053	0.000	0.000
ATF2	0.002	0.002	0.000	0.000	-	-	0.00845378046916664	0.013	0.013	0.000	0.000
LIPG	0.002	0.002	0.000	0.000	-	-	0.00843129900664133	0.018	0.015	0.002	0.000
CAMK2D	0.002	0.002	0.000	0.000	-	-	0.00825324395832316	0.013	0.013	0.000	0.000
NFIA	0.002	0.002	0.000	0.000	-	-	0.0082526853752856	0.018	0.013	0.000	0.004
DNM1	0.002	0.002	0.000	0.000	-	-	0.00823219013974613	0.013	0.013	0.000	0.000
SMARCE1	0.002	0.000	0.000	0.002	-	-	0.00815903930607557	0.013	0.004	0.000	0.009
INPP1	0.002	0.002	0.000	0.000	-	-	0.00815683442203024	0.013	0.013	0.000	0.000
NCAN	0.002	0.002	0.000	0.000	-	-	0.0081245111029798	0.040	0.040	0.000	0.000
RASSF2	0.002	0.002	0.000	0.000	-	-	0.00811688764702905	0.020	0.020	0.000	0.000
INPP5B	0.002	0.002	0.000	0.000	-	-	0.00801969354071312	0.013	0.011	0.000	0.002
UNC5D	0.002	0.002	0.000	0.000	-	-	0.00799856261107144	0.088	0.080	0.007	0.002
PRKAR2A	0.002	0.002	0.000	0.000	-	-	0.00784683808812865	0.004	0.004	0.000	0.000
CARD11	0.002	0.002	0.000	0.000	CC	-	0.00773010864452865	0.062	0.055	0.000	0.009
EP400	0.004	0.004	0.000	0.000	-	-	0.00771090078669234	0.062	0.062	0.000	0.000
DSCAM	0.004	0.004	0.000	0.000	-	-	0.00765382548239626	0.119	0.119	0.000	0.000
DHH	0.002	0.002	0.000	0.000	-	-	0.00748160815905549	0.004	0.004	0.000	0.000
PLP1	0.004	0.002	0.002	0.000	-	-	0.00738820883887619	0.015	0.011	0.002	0.002
GTF3C5	0.002	0.002	0.000	0.000	-	-	0.00727766983214487	0.007	0.007	0.000	0.000
XRCC5	0.002	0.002	0.000	0.000	-	-	0.00723756882229002	0.015	0.015	0.000	0.000
IRAK3	0.002	0.002	0.000	0.000	-	-	0.00722737707108276	0.027	0.009	0.000	0.018
MRAS	0.002	0.002	0.000	0.000	-	-	0.00722512913926688	0.002	0.002	0.000	0.000
FAS	0.002	0.002	0.000	0.000	-	-	0.00720317103191704	0.009	0.007	0.002	0.000
DUSP8	0.002	0.002	0.000	0.000	-	-	0.00701197820195058	0.011	0.009	0.002	0.000
COL4A3	0.002	0.002	0.000	0.000	-	-	0.00701066336465657	0.024	0.024	0.000	0.000
KCNH4	0.002	0.002	0.000	0.000	-	-	0.00698268043783164	0.027	0.027	0.000	0.002
CACNA2D4	0.002	0.002	0.000	0.000	-	-	0.00668643019194624	0.044	0.038	0.000	0.007
IGF2R	0.002	0.002	0.000	0.000	-	-	0.00666761812736792	0.051	0.051	0.000	0.000
CTSL1	0.002	0.002	0.000	0.000	-	-	0.00663901519865827	0.004	0.004	0.000	0.000
EPS15	0.002	0.002	0.000	0.000	CC	-	0.00653308190358042	0.013	0.011	0.000	0.002
EIF2AK1	0.002	0.002	0.000	0.000	-	-	0.00650280288279139	0.024	0.018	0.000	0.007
UNC5C	0.002	0.002	0.000	0.000	-	-	0.00649580633200153	0.062	0.062	0.000	0.000
FOXO4	0.002	0.002	0.000	0.000	-	-	0.00647615571657911	0.020	0.018	0.000	0.002
CTCFL	0.002	0.002	0.000	0.000	-	-	0.00641978728610126	0.062	0.051	0.000	0.011
DUSP6	0.002	0.002	0.000	0.000	-	-	0.00641654793565108	0.009	0.009	0.000	0.000
LIF	0.002	0.002	0.000	0.000	-	-	0.00631282898259385	0.007	0.007	0.000	0.000
TBX20	0.002	0.002	0.000	0.000	-	-	0.00630552111132443	0.029	0.024	0.000	0.004
TNNI3	0.002	0.002	0.000	0.000	-	-	0.00627791455710717	0.009	0.009	0.000	0.000
CX3CL1	0.002	0.002	0.000	0.000	-	-	0.00619692640493226	0.007	0.007	0.000	0.000
KCNA10	0.002	0.002	0.000	0.000	-	-	0.00618621899917015	0.020	0.018	0.002	0.000
CA9	0.002	0.002	0.000	0.000	-	-	0.00609488127664819	0.011	0.011	0.000	0.000
EPS8	0.002	0.000	0.000	0.002	-	-	0.00604672173586462	0.009	0.002	0.002	0.004
GNB2L1	0.002	0.002	0.000	0.000	-	-	0.00599469780158611	0.002	0.002	0.000	0.000
FBLN1	0.002	0.002	0.000	0.000	-	-	0.00598803802061754	0.040	0.035	0.004	0.000
ADAMTS10	0.002	0.002	0.000	0.000	-	-	0.00598495517820741	0.009	0.009	0.000	0.000
MYH2	0.002	0.002	0.000	0.000	-	-	0.00597701941754062	0.117	0.117	0.000	0.000
PCSK7	0.002	0.002	0.000	0.000	CC	-	0.00592059922543102	0.013	0.013	0.000	0.000
RIF1	0.002	0.002	0.000	0.000	-	-	0.00590876338686788	0.042	0.042	0.000	0.000
KCTD17	0.002	0.002	0.000	0.000	-	-	0.00589423915826104	0.007	0.002	0.000	0.004
SYNM	0.002	0.002	0.000	0.000	-	-	0.00582706587969947	0.015	0.015	0.000	0.000
TFAP2C	0.002	0.000	0.000	0.002	-	-	0.00582545861071161	0.013	0.009	0.000	0.004
CDH8	0.002	0.002	0.000	0.000	-	-	0.00582041525321832	0.086	0.084	0.002	0.000
CLTC	0.002	0.002	0.000	0.000	CC	PC	0.00581114390632522	0.022	0.022	0.000	0.000
NCL	0.002	0.002	0.000	0.000	-	-	0.00576425306945239	0.013	0.013	0.000	0.000
DUSP19	0.002	0.002	0.000	0.000	-	-	0.00574409169676754	0.007	0.004	0.000	0.002
INPP4B	0.002	0.002	0.000	0.000	-	-	0.00573778319820431	0.033	0.033	0.000	0.000
GJD2	0.002	0.002	0.000	0.000	-	-	0.0057127486830673	0.011	0.011	0.000	0.000
MST4	0.002	0.002	0.000	0.000	-	-	0.00569758076133387	0.015	0.015	0.000	0.000
NF1	0.002	0.002	0.000	0.000	CC	PC	0.0056948047290494	0.102	0.102	0.000	0.000
MADD	0.002	0.002	0.000	0.000	-	-	0.0056866618829458	0.038	0.038	0.000	0.000
MAML2	0.002	0.002	0.000	0.000	CC	-	0.00565426695043467	0.020	0.020	0.000	0.000
BRIP1	0.002	0.002	0.000	0.000	CC	-	0.00564812298265626	0.031	0.031	0.000	0.000
DTX1	0.002	0.002	0.000	0.000	-	-	0.00560129905481084	0.018	0.018	0.000	0.000
KCNA3	0.002	0.002	0.000	0.000	-	-	0.00559689374357766	0.015	0.015	0.000	0.000
TFRC	0.002	0.002	0.000	0.000	CC	-	0.00559209482602715	0.013	0.013	0.000	0.000
PTMA	0.002	0.002	0.000	0.000	-	-	0.00554336801180188	0.009	0.009	0.000	0.000
MAML1	0.002	0.000	0.000	0.002	-	-	0.00552623869395942	0.018	0.015	0.000	0.002
PRPF3	0.002	0.002	0.000	0.000	-	-	0.00551108836362575	0.022	0.009	0.000	0.015
TCAP	0.002	0.002	0.000	0.000	-	-	0.00550684007169967	0.015	0.002	0.000	0.013
CHRM3	0.002	0.002	0.000	0.000	-	-	0.00545961567686558	0.051	0.046	0.000	0.004
ANAPC1	0.002	0.002	0.000	0.000	-	PC	0.00545850210319524	0.033	0.033	0.000	0.000
IFNAR1	0.002	0.002	0.000	0.000	-	-	0.00544479757879217	0.007	0.007	0.000	0.000
DYNLT1	0.002	0.002	0.000	0.000	-	-	0.00539140186292482	0.004	0.002	0.002	0.000
BACE2	0.002	0.002	0.000	0.000	-	-	0.00534173200966796	0.011	0.011	0.000	0.000
ESR2	0.002	0.002	0.000	0.000	-	-	0.00532052829531066	0.011	0.011	0.000	0.000
CDIPT	0.002	0.002	0.000	0.000	-	-	0.00530422641646854	0.004	0.002	0.000	0.002
NRXN2	0.002	0.002	0.000	0.000	-	-	0.0052574688974983	0.046	0.046	0.000	0.000
AQP4	0.002	0.000	0.000	0.002	-	-	0.00523889259649604	0.013	0.004	0.000	0.009
TRPM2	0.002	0.002	0.000	0.000	-	-	0.00520499238453706	0.049	0.049	0.000	0.000
RXRB	0.002	0.002	0.000	0.000	-	-	0.00518164932222487	0.007	0.007	0.000	0.000
GRM2	0.002	0.002	0.000	0.000	-	-	0.00517565543956035	0.009	0.009	0.000	0.000
CDC23	0.002	0.002	0.000	0.000	-	-	0.00514302862318597	0.004	0.004	0.000	0.000
ARNTL	0.002	0.000	0.000	0.002	-	-	0.00514035776674077	0.009	0.002	0.004	0.002
STRAP	0.002	0.000	0.002	0.000	-	-	0.0051190250064456	0.009	0.002	0.002	0.004
MLLT3	0.002	0.000	0.002	0.000	CC	PC	0.00501961691000604	0.033	0.020	0.013	0.000
NCK2	0.002	0.002	0.000	0.000	-	-	0.00495988393445885	0.015	0.013	0.000	0.002
UBE2N	0.002	0.002	0.000	0.000	-	-	0.00493360115794644	0.004	0.004	0.000	0.000
NUMA1	0.002	0.002	0.000	0.000	CC	PC	0.00491842260214276	0.051	0.049	0.000	0.002
MYH1	0.002	0.002	0.000	0.000	-	-	0.00485299845050889	0.115	0.115	0.000	0.000
NOTCH2NL	0.002	0.000	0.000	0.002	-	-	0.00484184875377482	0.013	0.009	0.000	0.004
RHOT1	0.002	0.002	0.000	0.000	-	-	0.00474605677265985	0.007	0.007	0.000	0.000
SMARCD1	0.002	0.002	0.000	0.000	-	-	0.00468689511285759	0.015	0.013	0.000	0.002
GFI1	0.002	0.002	0.000	0.000	-	-	0.00463028597284633	0.009	0.007	0.000	0.002
CRADD	0.002	0.002	0.000	0.000	-	-	0.00457924211177438	0.004	0.004	0.000	0.000
TFR2	0.002	0.002	0.000	0.000	-	-	0.00456284227174635	0.020	0.013	0.000	0.007
ATF6	0.002	0.002	0.000	0.000	-	-	0.00444767466002438	0.027	0.022	0.000	0.004
EPHB3	0.002	0.002	0.000	0.000	-	-	0.0044316356891021	0.024	0.020	0.000	0.004
IFI16	0.002	0.002	0.000	0.000	-	-	0.00438682554371914	0.035	0.031	0.000	0.004
PRSS3	0.002	0.000	0.000	0.002	-	-	0.00438352124602945	0.004	0.002	0.000	0.002
FERMT2	0.002	0.002	0.000	0.000	-	-	0.00437825545752004	0.011	0.009	0.000	0.002
CTTNBP2	0.002	0.002	0.000	0.000	-	-	0.00437566575432808	0.051	0.051	0.000	0.002
RPA1	0.002	0.002	0.000	0.000	-	-	0.00432616220208861	0.015	0.015	0.000	0.000
CETP	0.002	0.002	0.000	0.000	-	-	0.0043228106853335	0.011	0.011	0.000	0.000
PKP3	0.002	0.002	0.000	0.000	-	-	0.00429329003137239	0.009	0.004	0.004	0.000
RHOG	0.002	0.002	0.000	0.000	-	-	0.0042755886013567	0.011	0.007	0.004	0.000
RIT2	0.002	0.002	0.000	0.000	-	-	0.00425649141817378	0.027	0.020	0.002	0.004
NCAM1	0.002	0.002	0.000	0.000	-	-	0.00401152258821075	0.066	0.066	0.000	0.000
EXO1	0.002	0.000	0.000	0.002	-	-	0.00389783159119449	0.031	0.027	0.000	0.004
IL6R	0.002	0.002	0.000	0.000	-	-	0.00385959241895093	0.020	0.013	0.000	0.007
ERCC2	0.002	0.002	0.000	0.000	CC	PC	0.00383659113492865	0.011	0.009	0.000	0.002
CHUK	0.002	0.002	0.000	0.000	-	-	0.00381796520792881	0.007	0.007	0.000	0.000
WAS	0.002	0.002	0.000	0.000	CC	-	0.00377499721603372	0.020	0.013	0.000	0.007
PRKRIR	0.002	0.002	0.000	0.000	-	-	0.00366434458092832	0.013	0.011	0.000	0.002
ARID1B	0.002	0.002	0.000	0.000	-	-	0.00364893298227885	0.062	0.060	0.002	0.000
