GENE	DRIVER_FREQUENCY	DRIVER_SNV_FREQUENCY	DRIVER_DELTION_FREQUENCY	DRIVER_AMPLIFICATION_FREQUENCY	CANCER_CENSUS	PAN_CANCER	IMPACT	MUTATION_FREQUENCY	SNV_FREQUENCY	DELTION_FREQUENCY	AMPLIFICATION_FREQUENCY
TTN	0.548	0.548	0.012	0.006	-	-	1070.234051854	0.548	0.548	0.012	0.006
TP53	0.482	0.470	0.024	0.000	CC	PC	1026.25063544127	0.482	0.470	0.024	0.000
PIK3CA	0.274	0.232	0.000	0.054	CC	PC	499.889268635946	0.274	0.232	0.000	0.054
DMD	0.202	0.125	0.101	0.000	-	PC	393.667023987113	0.202	0.125	0.101	0.000
GLI3	0.167	0.143	0.000	0.024	-	-	384.1209206903	0.167	0.143	0.000	0.024
CREBBP	0.119	0.107	0.012	0.000	CC	-	374.473019247412	0.119	0.107	0.012	0.000
LAMA1	0.143	0.143	0.000	0.000	-	-	342.663485284497	0.143	0.143	0.000	0.000
RYR2	0.190	0.167	0.006	0.018	-	-	336.61180082749	0.190	0.167	0.006	0.018
EGFR	0.131	0.060	0.006	0.065	CC	PC	332.902361257462	0.131	0.060	0.006	0.065
ACTN2	0.113	0.083	0.012	0.018	-	-	308.814902015599	0.113	0.083	0.012	0.018
PTK2	0.119	0.048	0.000	0.071	-	-	306.772133084254	0.119	0.048	0.000	0.071
ERBB4	0.149	0.137	0.018	0.000	-	-	293.04280357641	0.161	0.149	0.018	0.000
ERBB3	0.119	0.101	0.000	0.018	-	-	291.031431819877	0.119	0.101	0.000	0.018
KRAS	0.155	0.107	0.000	0.060	CC	PC	279.525099570736	0.161	0.113	0.000	0.060
SMAD4	0.143	0.095	0.065	0.000	-	PC	274.960696700714	0.143	0.095	0.065	0.000
MAP2K4	0.071	0.018	0.054	0.000	CC	PC	269.682083713557	0.071	0.018	0.054	0.000
COL12A1	0.113	0.113	0.000	0.000	-	-	267.503757814363	0.131	0.125	0.006	0.000
PCDH15	0.173	0.161	0.000	0.012	-	-	251.573844418121	0.173	0.161	0.000	0.012
COL14A1	0.125	0.054	0.006	0.077	-	-	241.463257513177	0.143	0.071	0.006	0.077
LRP1B	0.179	0.167	0.018	0.000	-	-	241.030013999817	0.286	0.262	0.030	0.000
RYR3	0.077	0.071	0.006	0.000	-	-	238.623381234752	0.155	0.143	0.012	0.000
NOTCH2	0.101	0.065	0.006	0.030	CC	-	232.379943805716	0.101	0.065	0.006	0.030
LAMA5	0.101	0.054	0.006	0.042	-	-	231.751435135709	0.131	0.083	0.006	0.042
NCOR1	0.125	0.089	0.024	0.012	-	PC	226.035656797044	0.137	0.095	0.030	0.012
MAP2K3	0.054	0.030	0.018	0.006	-	-	225.963994287741	0.071	0.036	0.030	0.006
NOS1	0.089	0.083	0.006	0.000	-	-	225.641838141364	0.089	0.083	0.006	0.000
FAT1	0.143	0.101	0.036	0.006	-	-	223.618868006949	0.161	0.119	0.036	0.006
PDE4D	0.101	0.000	0.095	0.006	-	-	217.100034656634	0.161	0.006	0.149	0.006
APC	0.125	0.089	0.036	0.000	CC	PC	216.893398478786	0.173	0.125	0.042	0.006
MYC	0.125	0.012	0.000	0.113	CC	-	212.983648929961	0.131	0.018	0.000	0.113
LRP2	0.107	0.101	0.006	0.000	-	-	209.15971464586	0.161	0.149	0.012	0.000
PLCG1	0.077	0.054	0.000	0.024	-	PC	204.505754549099	0.077	0.054	0.000	0.024
RYR1	0.113	0.101	0.000	0.012	-	-	199.00409618036	0.173	0.149	0.000	0.024
ITGAV	0.071	0.018	0.054	0.000	-	-	194.649224196756	0.071	0.018	0.054	0.000
EP300	0.065	0.065	0.000	0.000	CC	PC	188.566113017958	0.071	0.071	0.000	0.000
UTRN	0.113	0.083	0.012	0.024	-	-	182.085431534285	0.161	0.125	0.012	0.030
FGFR2	0.095	0.036	0.000	0.060	CC	PC	177.531386446338	0.101	0.036	0.000	0.065
ERBB2	0.113	0.042	0.000	0.071	CC	PC	174.440541245722	0.125	0.042	0.000	0.083
PIK3CG	0.071	0.036	0.000	0.036	-	PC	173.648952301468	0.125	0.083	0.000	0.042
NFATC2	0.095	0.048	0.000	0.048	-	-	163.443580336743	0.095	0.048	0.000	0.048
PDGFRA	0.036	0.030	0.006	0.006	CC	PC	158.18719523527	0.060	0.048	0.006	0.012
NOTCH1	0.065	0.042	0.000	0.024	CC	PC	157.304445565422	0.077	0.054	0.000	0.024
PGM5	0.060	0.042	0.012	0.006	-	-	157.282738581758	0.119	0.089	0.018	0.012
CDKN2A	0.137	0.024	0.119	0.000	CC	PC	156.461028803334	0.143	0.024	0.125	0.000
SPTA1	0.190	0.179	0.000	0.012	-	-	156.069325450123	0.196	0.185	0.000	0.012
GLIS3	0.095	0.024	0.042	0.030	-	-	156.041381375403	0.095	0.024	0.042	0.030
CTNNB1	0.083	0.060	0.006	0.018	CC	PC	155.963371094834	0.083	0.060	0.006	0.018
ACTB	0.077	0.030	0.000	0.048	-	-	155.828049565111	0.077	0.030	0.000	0.048
PTPN1	0.060	0.006	0.000	0.054	-	-	150.800799423484	0.077	0.012	0.000	0.065
PRKG1	0.060	0.030	0.030	0.000	-	-	147.606985364971	0.071	0.036	0.030	0.006
AKAP6	0.065	0.048	0.012	0.006	-	-	147.184941648823	0.095	0.077	0.012	0.006
GRIA1	0.065	0.060	0.000	0.006	-	-	146.840179649433	0.071	0.065	0.000	0.006
FBN1	0.083	0.077	0.006	0.000	-	-	146.501578172648	0.125	0.113	0.012	0.000
PRKG2	0.042	0.030	0.012	0.000	-	-	142.983800933844	0.060	0.042	0.012	0.006
GRM1	0.077	0.060	0.000	0.018	-	-	138.66872914704	0.101	0.071	0.000	0.030
FAS	0.048	0.006	0.036	0.006	-	-	137.716211216112	0.048	0.006	0.036	0.006
SIAH2	0.054	0.024	0.000	0.030	-	-	137.509679012417	0.065	0.036	0.000	0.030
SMAD2	0.048	0.024	0.024	0.000	-	PC	133.577425477871	0.060	0.030	0.030	0.000
COL1A2	0.077	0.048	0.000	0.030	-	-	132.279403540734	0.131	0.077	0.000	0.054
AR	0.071	0.060	0.006	0.006	-	PC	131.761188625264	0.071	0.060	0.006	0.006
PCDH11X	0.071	0.065	0.006	0.000	-	-	130.383917321421	0.101	0.089	0.006	0.006
EPHB1	0.048	0.036	0.006	0.006	-	-	130.073079497943	0.071	0.054	0.012	0.006
RHOA	0.089	0.065	0.024	0.000	-	PC	129.911363483615	0.089	0.065	0.024	0.000
LYN	0.048	0.012	0.000	0.036	-	PC	127.776532794434	0.060	0.024	0.006	0.036
CDH1	0.089	0.077	0.012	0.000	CC	PC	125.183423377937	0.089	0.077	0.012	0.000
RASA1	0.060	0.042	0.018	0.000	-	PC	124.700280053318	0.060	0.042	0.018	0.000
FGF10	0.054	0.006	0.000	0.048	-	-	124.688348300231	0.113	0.018	0.012	0.083
MET	0.065	0.018	0.000	0.048	CC	-	124.567581459953	0.065	0.018	0.000	0.048
RELN	0.077	0.071	0.006	0.006	-	-	123.142753849963	0.155	0.131	0.006	0.036
PCDH10	0.107	0.095	0.006	0.006	-	-	122.998084876206	0.149	0.131	0.006	0.012
NCOR2	0.060	0.042	0.012	0.006	-	PC	122.561139538219	0.083	0.060	0.012	0.012
ITGB4	0.054	0.048	0.000	0.006	-	-	121.014472695689	0.054	0.048	0.000	0.006
PDGFRB	0.036	0.030	0.000	0.006	CC	-	119.026380326657	0.042	0.036	0.000	0.006
LRP5	0.071	0.024	0.000	0.048	-	-	117.311776543599	0.107	0.054	0.006	0.048
IRS1	0.030	0.030	0.000	0.000	-	-	115.63962932225	0.065	0.065	0.000	0.000
FLNB	0.060	0.048	0.006	0.006	-	-	114.436621523837	0.060	0.048	0.006	0.006
DRP2	0.012	0.012	0.000	0.000	-	-	114.415935136979	0.042	0.042	0.000	0.000
SMARCA2	0.071	0.024	0.024	0.024	-	-	113.028576784778	0.119	0.060	0.036	0.024
CCNE1	0.071	0.000	0.000	0.071	CC	-	111.52099569043	0.107	0.006	0.018	0.083
GRB2	0.030	0.024	0.000	0.006	-	-	110.30829523944	0.030	0.024	0.000	0.006
LAMA2	0.054	0.042	0.000	0.012	-	-	108.979194322048	0.077	0.060	0.006	0.012
GATA3	0.036	0.018	0.006	0.012	CC	PC	107.538345422226	0.054	0.030	0.006	0.018
PRKD1	0.065	0.054	0.006	0.012	-	-	107.193895669173	0.077	0.065	0.006	0.012
NEB	0.060	0.054	0.006	0.000	-	PC	107.032147495751	0.131	0.119	0.012	0.000
ACTL6A	0.048	0.006	0.000	0.042	-	-	106.968711646638	0.083	0.030	0.000	0.054
MAP2K7	0.071	0.054	0.018	0.000	-	-	106.956672944987	0.077	0.060	0.018	0.000
CDK5	0.030	0.006	0.012	0.012	-	-	104.340909880861	0.030	0.006	0.012	0.012
COL6A3	0.065	0.054	0.012	0.000	-	-	102.029471194087	0.137	0.119	0.018	0.000
ITPR1	0.065	0.030	0.036	0.006	-	-	101.709948288203	0.113	0.065	0.048	0.006
SMAD7	0.030	0.006	0.012	0.012	-	-	101.477020084926	0.060	0.006	0.030	0.024
DLG2	0.077	0.042	0.000	0.036	-	-	100.765579078946	0.113	0.071	0.006	0.036
DVL3	0.048	0.006	0.000	0.042	-	-	99.7464164407847	0.083	0.024	0.000	0.060
BLM	0.060	0.024	0.000	0.042	CC	PC	98.9035095931201	0.083	0.036	0.000	0.054
GLI2	0.048	0.042	0.000	0.006	-	-	98.7714792221569	0.054	0.048	0.000	0.006
CALML3	0.036	0.006	0.000	0.030	-	-	98.5234870568386	0.042	0.006	0.000	0.036
ATM	0.065	0.060	0.006	0.000	CC	PC	97.7095695579001	0.131	0.125	0.006	0.000
BLK	0.089	0.036	0.012	0.042	-	-	96.9936333016562	0.101	0.036	0.018	0.048
NOS3	0.030	0.012	0.012	0.006	-	-	95.0711335090508	0.048	0.024	0.012	0.012
GNGT1	0.054	0.006	0.000	0.048	-	-	94.8199066048849	0.077	0.012	0.000	0.065
ARHGAP5	0.060	0.042	0.012	0.006	-	-	94.6987200169732	0.071	0.054	0.012	0.006
LAMA3	0.065	0.036	0.006	0.024	-	-	94.6703876013109	0.101	0.065	0.012	0.024
DLG1	0.054	0.024	0.000	0.030	-	-	92.564516698454	0.107	0.048	0.006	0.054
SOS2	0.054	0.042	0.000	0.012	-	-	92.0705085909971	0.077	0.060	0.000	0.018
JAK2	0.060	0.012	0.030	0.024	CC	PC	90.1050937718088	0.089	0.030	0.036	0.030
ABCC8	0.054	0.042	0.006	0.006	-	-	89.9841007080539	0.065	0.054	0.006	0.006
SMAD3	0.024	0.012	0.006	0.006	-	-	89.4927602777618	0.024	0.012	0.006	0.006
TCAP	0.024	0.000	0.000	0.024	-	-	89.0925254884155	0.083	0.000	0.000	0.083
ARID1A	0.071	0.065	0.006	0.000	CC	PC	87.882028282253	0.202	0.185	0.024	0.000
TBL1X	0.048	0.018	0.024	0.006	-	-	87.3346365485105	0.060	0.024	0.030	0.006
LAMA4	0.024	0.024	0.000	0.000	-	-	85.6291688004499	0.048	0.042	0.006	0.000
PMP22	0.024	0.000	0.024	0.000	-	-	84.8126829919655	0.036	0.006	0.024	0.006
CASP3	0.054	0.006	0.042	0.006	-	-	84.4274109041347	0.054	0.006	0.042	0.006
FRS3	0.030	0.006	0.000	0.024	-	-	83.4430857761506	0.065	0.012	0.000	0.054
DLG4	0.018	0.006	0.012	0.000	-	-	83.0512933425133	0.024	0.012	0.012	0.000
KCNQ2	0.054	0.018	0.000	0.036	-	-	82.625035787003	0.107	0.042	0.006	0.060
TLN1	0.054	0.036	0.000	0.018	-	-	82.6036297641158	0.071	0.054	0.000	0.018
CTNNA1	0.042	0.036	0.006	0.000	-	-	81.0960664306432	0.065	0.054	0.006	0.006
ITGB8	0.018	0.006	0.006	0.006	-	-	80.5449747001904	0.089	0.042	0.006	0.042
GRM3	0.036	0.012	0.000	0.024	-	-	80.4795703418019	0.089	0.042	0.000	0.048
CTNNA3	0.024	0.018	0.000	0.006	-	-	80.1672264037018	0.060	0.042	0.000	0.018
RARA	0.048	0.006	0.000	0.042	CC	-	79.5110934446717	0.065	0.006	0.000	0.060
ADAM17	0.018	0.006	0.006	0.006	-	-	79.2634330615321	0.030	0.018	0.006	0.006
KDR	0.018	0.012	0.006	0.000	CC	-	78.9542177679061	0.054	0.036	0.006	0.012
CSK	0.018	0.012	0.000	0.006	-	-	78.7494700093223	0.036	0.024	0.000	0.012
ITGA8	0.042	0.012	0.006	0.024	-	-	78.4317106038765	0.060	0.024	0.012	0.024
PIK3R1	0.042	0.018	0.018	0.006	CC	PC	78.2002887098165	0.060	0.036	0.018	0.006
CDH11	0.042	0.042	0.000	0.000	CC	-	77.9805397133605	0.101	0.095	0.006	0.000
IGF1R	0.048	0.024	0.000	0.024	-	-	77.8959556237369	0.095	0.048	0.006	0.042
FGFR4	0.042	0.030	0.012	0.000	-	-	76.5670888348977	0.065	0.036	0.018	0.012
GATA4	0.071	0.006	0.018	0.048	-	-	76.244744006534	0.083	0.012	0.018	0.054
IQGAP1	0.048	0.012	0.000	0.036	-	-	75.7479125706764	0.107	0.054	0.000	0.054
SDC2	0.024	0.006	0.000	0.018	-	-	75.4831678990389	0.042	0.012	0.000	0.030
BDNF	0.012	0.012	0.000	0.000	-	-	72.9556021020002	0.042	0.024	0.006	0.012
E2F1	0.018	0.006	0.000	0.012	-	-	72.4248676045555	0.024	0.012	0.000	0.012
FGFR3	0.012	0.000	0.012	0.000	CC	PC	72.1828394106483	0.030	0.006	0.018	0.006
SEC62	0.024	0.000	0.000	0.024	-	-	71.8508543610557	0.077	0.000	0.006	0.071
BRCA1	0.036	0.018	0.006	0.012	CC	PC	71.6641570692736	0.065	0.036	0.006	0.024
RB1	0.042	0.012	0.006	0.024	CC	PC	71.3090020899215	0.060	0.024	0.012	0.024
FBN2	0.048	0.030	0.012	0.006	-	PC	70.722998353258	0.107	0.071	0.030	0.006
LAMC3	0.012	0.012	0.000	0.000	-	-	69.7110495244498	0.065	0.036	0.000	0.030
PLCG2	0.036	0.018	0.012	0.006	-	-	69.6601303235037	0.071	0.054	0.012	0.006
COL17A1	0.036	0.018	0.006	0.012	-	-	69.3756180947908	0.054	0.030	0.006	0.018
E2F3	0.012	0.000	0.006	0.006	-	-	68.8271343158254	0.024	0.006	0.012	0.006
LCK	0.036	0.018	0.006	0.012	CC	-	68.8081435923037	0.036	0.018	0.006	0.012
PRKCG	0.042	0.042	0.000	0.000	-	-	68.1844699263997	0.060	0.060	0.000	0.000
RELA	0.036	0.018	0.006	0.012	-	-	68.0911969536374	0.036	0.018	0.006	0.012
ARRB2	0.012	0.000	0.012	0.000	-	-	67.9265010917802	0.012	0.000	0.012	0.000
JUP	0.042	0.012	0.000	0.036	-	-	67.7060193935813	0.107	0.048	0.000	0.065
TIAM1	0.036	0.030	0.006	0.000	-	-	67.0465692550329	0.125	0.113	0.012	0.000
PRKDC	0.042	0.030	0.000	0.012	-	-	66.9222856555086	0.131	0.101	0.000	0.030
NOS2	0.042	0.024	0.006	0.012	-	-	66.8903856125764	0.048	0.030	0.006	0.012
CDH18	0.054	0.018	0.012	0.024	-	-	66.311663497116	0.125	0.065	0.018	0.048
TRPC5	0.018	0.012	0.006	0.000	-	-	65.6098557631179	0.071	0.060	0.012	0.000
SMAD9	0.048	0.024	0.000	0.024	-	-	65.4988677901695	0.060	0.036	0.000	0.024
PCDHB11	0.012	0.012	0.000	0.000	-	-	65.3728605077975	0.054	0.048	0.000	0.006
APP	0.036	0.018	0.018	0.000	-	-	65.0475134644357	0.054	0.024	0.030	0.000
GUCY1A3	0.042	0.030	0.000	0.012	-	-	64.4526472553426	0.071	0.054	0.000	0.018
CYP2E1	0.012	0.000	0.006	0.006	-	-	63.8230445617217	0.060	0.018	0.012	0.030
KCNMA1	0.036	0.018	0.006	0.012	-	-	63.5281973818935	0.089	0.065	0.006	0.024
TEK	0.048	0.024	0.024	0.000	-	-	62.5257908981888	0.083	0.042	0.036	0.006
COL9A3	0.012	0.006	0.000	0.006	-	-	62.2374307474135	0.065	0.012	0.006	0.048
ETV1	0.036	0.018	0.000	0.018	CC	-	61.3120860569232	0.065	0.024	0.000	0.042
HIF1A	0.030	0.024	0.000	0.006	-	-	60.8676071935746	0.030	0.024	0.000	0.006
ACTA2	0.012	0.006	0.006	0.000	-	-	60.8160464141588	0.060	0.018	0.036	0.006
APLP2	0.030	0.018	0.000	0.012	-	-	60.7170573945117	0.042	0.024	0.000	0.018
NCOA2	0.036	0.018	0.000	0.024	CC	-	60.5316518966944	0.113	0.071	0.006	0.042
SPTAN1	0.042	0.024	0.000	0.018	-	-	60.1975164769765	0.095	0.071	0.000	0.024
LAMB1	0.030	0.018	0.000	0.012	-	-	59.749692257883	0.071	0.048	0.000	0.024
VCAN	0.036	0.018	0.018	0.000	-	-	58.7136988309874	0.113	0.095	0.018	0.000
CRK	0.006	0.000	0.006	0.000	-	-	58.5485832952439	0.018	0.000	0.012	0.006
CDH4	0.036	0.012	0.000	0.024	-	-	58.0761532212399	0.131	0.071	0.006	0.054
NOTCH3	0.036	0.030	0.000	0.006	-	-	57.6782976025069	0.060	0.048	0.000	0.012
CTNND1	0.036	0.036	0.006	0.000	-	PC	57.6732585804109	0.065	0.060	0.012	0.000
EPHB2	0.036	0.012	0.018	0.006	-	-	57.4608690973807	0.060	0.036	0.018	0.006
CCND1	0.054	0.000	0.006	0.048	CC	PC	57.0607403951104	0.071	0.000	0.006	0.065
GRIK1	0.012	0.006	0.006	0.000	-	-	56.8853556511486	0.054	0.042	0.012	0.000
AKT1	0.006	0.006	0.000	0.000	CC	PC	56.8078180898943	0.018	0.018	0.000	0.000
IL7	0.006	0.000	0.000	0.006	-	-	56.6665548503154	0.042	0.006	0.000	0.036
HSPD1	0.006	0.006	0.000	0.000	-	-	56.6665548503154	0.030	0.024	0.006	0.000
CSNK2A1	0.036	0.018	0.006	0.012	-	-	56.4532768457467	0.054	0.030	0.006	0.018
GNB2L1	0.036	0.018	0.012	0.006	-	-	56.1645092577648	0.042	0.018	0.012	0.012
CBLC	0.012	0.000	0.000	0.012	CC	-	56.0389517529792	0.030	0.006	0.000	0.024
RELB	0.006	0.000	0.000	0.006	-	-	55.9949427112611	0.042	0.024	0.000	0.018
SOCS7	0.006	0.000	0.000	0.006	-	-	55.9150803094308	0.036	0.006	0.000	0.030
PCDHA12	0.006	0.006	0.000	0.000	-	-	55.9150803094308	0.077	0.071	0.000	0.006
FGF8	0.006	0.000	0.006	0.000	-	-	55.9150803094308	0.024	0.006	0.012	0.006
SUV39H1	0.036	0.024	0.012	0.000	-	-	54.8371645572354	0.042	0.024	0.018	0.000
CTTN	0.042	0.006	0.000	0.036	-	PC	54.8098105233535	0.071	0.018	0.006	0.048
NTN4	0.012	0.006	0.000	0.006	-	-	54.2753637431172	0.024	0.012	0.006	0.006
SMARCE1	0.030	0.000	0.000	0.030	-	-	53.5804555163455	0.065	0.012	0.000	0.054
PRKX	0.030	0.012	0.006	0.012	-	-	53.1870883190329	0.060	0.018	0.030	0.012
CDH2	0.042	0.024	0.012	0.006	-	-	52.9562588135528	0.071	0.042	0.024	0.006
FZD1	0.060	0.018	0.000	0.042	-	-	52.0233959852775	0.095	0.030	0.000	0.065
NOTCH4	0.030	0.012	0.006	0.012	-	-	51.1330512822102	0.048	0.024	0.012	0.012
PTEN	0.030	0.024	0.006	0.000	CC	PC	51.0400390579896	0.113	0.065	0.054	0.006
SMAD5	0.030	0.012	0.012	0.006	-	-	50.9231659033828	0.036	0.012	0.018	0.006
SCN5A	0.030	0.024	0.000	0.006	-	-	50.7176512188613	0.083	0.065	0.012	0.006
KCNQ3	0.071	0.018	0.000	0.054	-	-	50.059154124272	0.101	0.036	0.000	0.065
ABL1	0.036	0.012	0.000	0.024	CC	PC	50.0130788946183	0.036	0.012	0.000	0.024
APOB	0.042	0.036	0.000	0.006	-	-	49.6019689870491	0.143	0.137	0.000	0.006
AKAP9	0.030	0.030	0.000	0.006	CC	PC	49.5431048702671	0.155	0.101	0.000	0.071
KIF1B	0.030	0.018	0.006	0.006	-	-	49.3493408711901	0.077	0.054	0.012	0.012
VEGFA	0.048	0.000	0.000	0.048	-	-	49.0076029408858	0.065	0.000	0.000	0.065
RAC1	0.030	0.000	0.000	0.030	-	PC	48.7399026736465	0.042	0.000	0.000	0.042
PPP2R5D	0.036	0.006	0.000	0.030	-	-	48.6306576610161	0.060	0.006	0.000	0.054
EGR1	0.024	0.012	0.006	0.006	-	-	47.9733998834139	0.024	0.012	0.006	0.006
TRAF6	0.036	0.018	0.000	0.018	-	-	47.9476040880607	0.042	0.024	0.000	0.018
ESR1	0.030	0.018	0.006	0.006	-	PC	47.9434663630518	0.054	0.036	0.006	0.012
TGFB2	0.024	0.012	0.000	0.012	-	-	47.8082172021921	0.036	0.018	0.000	0.018
PTK2B	0.024	0.012	0.012	0.000	-	-	47.6279095720339	0.065	0.048	0.018	0.000
PIP5K1A	0.024	0.006	0.000	0.018	-	PC	47.4507461992004	0.036	0.018	0.000	0.018
DVL1	0.024	0.006	0.012	0.006	-	-	47.3863865325286	0.054	0.024	0.018	0.012
RASGRF2	0.030	0.024	0.006	0.000	-	-	47.3745138638176	0.060	0.048	0.012	0.000
RGL1	0.024	0.018	0.000	0.006	-	-	47.3546731045413	0.042	0.030	0.000	0.012
BRCA2	0.024	0.012	0.000	0.012	CC	PC	47.3298342332655	0.107	0.071	0.006	0.030
NR1D1	0.024	0.006	0.000	0.018	-	-	47.081992943867	0.077	0.024	0.000	0.054
NTRK3	0.030	0.006	0.000	0.024	CC	-	46.9446038589282	0.065	0.036	0.000	0.030
COL6A1	0.024	0.018	0.006	0.000	-	-	46.9414586833375	0.060	0.042	0.018	0.000
DAXX	0.024	0.024	0.000	0.000	CC	-	46.7934502089072	0.042	0.036	0.006	0.000
CSNK1G2	0.030	0.006	0.018	0.006	-	-	46.680543808229	0.042	0.012	0.024	0.006
FADD	0.048	0.000	0.006	0.042	-	-	46.4922759307414	0.060	0.000	0.006	0.054
RXRA	0.030	0.012	0.000	0.018	-	PC	46.4659392232154	0.030	0.012	0.000	0.018
GLI1	0.024	0.012	0.000	0.012	-	-	46.0708177618318	0.036	0.024	0.000	0.012
TCF7L2	0.024	0.006	0.012	0.006	CC	PC	45.9242618855524	0.065	0.042	0.012	0.012
ETS1	0.030	0.012	0.000	0.018	-	-	45.893704402584	0.030	0.012	0.000	0.018
MED1	0.024	0.006	0.000	0.018	-	-	44.8897444566638	0.095	0.042	0.000	0.054
MYBL2	0.024	0.000	0.000	0.024	-	-	44.5810584638397	0.065	0.024	0.000	0.042
HGF	0.036	0.018	0.000	0.018	-	PC	44.506682876867	0.083	0.048	0.000	0.036
ACTN4	0.024	0.006	0.000	0.018	-	-	43.9980505029595	0.054	0.024	0.000	0.030
FLT1	0.030	0.012	0.000	0.018	-	-	43.8288162423078	0.065	0.048	0.000	0.018
CHEK2	0.024	0.018	0.006	0.000	CC	PC	43.5697071973666	0.030	0.024	0.006	0.000
HCK	0.036	0.018	0.000	0.018	-	-	43.5185913412354	0.042	0.018	0.000	0.024
C3	0.024	0.024	0.000	0.000	-	-	43.468522976707	0.071	0.065	0.012	0.000
PIP4K2B	0.024	0.000	0.000	0.024	-	-	43.355872482156	0.042	0.006	0.000	0.036
LDB3	0.024	0.000	0.018	0.006	-	-	43.2307811357715	0.030	0.006	0.018	0.006
AXIN1	0.024	0.024	0.000	0.000	-	-	43.1193647809943	0.048	0.036	0.006	0.006
RIT2	0.030	0.006	0.018	0.006	-	-	42.9510487977336	0.071	0.030	0.030	0.012
CALML6	0.024	0.000	0.012	0.012	-	-	42.3406244345248	0.030	0.000	0.018	0.012
FGFR1	0.024	0.018	0.006	0.000	CC	-	42.0953618135347	0.054	0.042	0.012	0.000
MAPK8	0.024	0.018	0.006	0.000	-	-	41.3798707862106	0.030	0.018	0.006	0.006
RAP2A	0.024	0.006	0.000	0.018	-	-	41.3410345726904	0.042	0.012	0.000	0.030
PPARA	0.024	0.000	0.024	0.000	-	-	40.8118308074481	0.024	0.000	0.024	0.000
ZBTB16	0.024	0.018	0.000	0.006	-	-	40.4881633812209	0.054	0.048	0.000	0.006
FLT4	0.018	0.012	0.006	0.000	-	-	40.4153793576059	0.089	0.071	0.012	0.012
THBS1	0.024	0.018	0.006	0.000	-	-	40.204446179821	0.065	0.060	0.006	0.000
ROCK1	0.024	0.006	0.000	0.018	-	-	39.9952684516179	0.030	0.012	0.000	0.018
HLA-B	0.018	0.018	0.000	0.000	-	PC	39.8905707416896	0.048	0.048	0.000	0.000
CACNA1C	0.054	0.030	0.012	0.012	-	-	39.8669902523072	0.125	0.101	0.012	0.012
P2RX7	0.024	0.006	0.006	0.012	-	-	39.8651519040995	0.024	0.006	0.006	0.012
IL7R	0.024	0.006	0.000	0.018	CC	-	39.7426541230057	0.095	0.024	0.006	0.071
COL4A2	0.030	0.006	0.000	0.024	-	-	38.9607799366067	0.065	0.030	0.000	0.036
EPHA2	0.048	0.030	0.012	0.006	-	-	38.7118673554854	0.060	0.036	0.012	0.012
DCHS2	0.030	0.030	0.000	0.000	-	-	38.6979224871893	0.095	0.083	0.000	0.018
P2RX2	0.024	0.012	0.006	0.006	-	-	38.6868192314226	0.036	0.018	0.012	0.006
PPARD	0.018	0.018	0.000	0.000	-	-	38.6138292705371	0.036	0.036	0.000	0.000
PAFAH1B1	0.018	0.006	0.012	0.000	-	-	38.4113867385638	0.036	0.018	0.018	0.000
CAV1	0.036	0.012	0.000	0.024	-	-	38.3592318085779	0.060	0.012	0.000	0.048
PIK3CD	0.024	0.006	0.012	0.006	-	-	38.0573375192078	0.054	0.030	0.012	0.012
F2	0.024	0.006	0.000	0.018	-	-	37.581815087065	0.048	0.030	0.000	0.018
NFKBIB	0.018	0.012	0.000	0.006	-	-	37.5233761138167	0.042	0.018	0.000	0.024
FRS2	0.030	0.006	0.000	0.024	-	-	36.8571502259263	0.042	0.006	0.000	0.036
GUCY1B3	0.024	0.012	0.000	0.012	-	-	36.8538570510692	0.054	0.036	0.000	0.018
TBL1XR1	0.042	0.006	0.006	0.030	-	PC	36.6814129401861	0.060	0.006	0.006	0.048
TRRAP	0.030	0.018	0.000	0.018	-	-	36.552045654613	0.196	0.131	0.000	0.071
NCOA1	0.018	0.006	0.006	0.006	CC	-	36.5389757882645	0.054	0.036	0.006	0.012
DAB1	0.018	0.012	0.000	0.006	-	-	35.8321614948583	0.048	0.042	0.000	0.006
PRKCI	0.024	0.000	0.000	0.024	-	-	35.5999436969831	0.089	0.006	0.006	0.077
IKBKG	0.024	0.000	0.006	0.018	-	-	35.489818157205	0.036	0.000	0.006	0.030
ACTN3	0.024	0.006	0.006	0.012	-	-	35.4660449478335	0.042	0.012	0.006	0.024
ITPR2	0.024	0.012	0.000	0.012	-	-	35.1535266277218	0.119	0.077	0.006	0.036
NRAS	0.024	0.006	0.006	0.012	CC	PC	34.9993507500977	0.030	0.012	0.006	0.012
CACNB3	0.018	0.006	0.012	0.000	-	-	34.6858000667336	0.030	0.012	0.012	0.006
LAMB2	0.018	0.012	0.006	0.000	-	-	34.5094051711514	0.071	0.054	0.018	0.000
PPP1R9B	0.018	0.000	0.000	0.018	-	-	34.3693171133972	0.024	0.006	0.000	0.018
HDAC1	0.024	0.012	0.000	0.012	-	-	34.0889276119122	0.030	0.012	0.006	0.012
RALGDS	0.018	0.018	0.000	0.000	CC	-	33.7370984852036	0.060	0.042	0.000	0.018
NGFR	0.018	0.012	0.006	0.006	-	-	33.6280001627242	0.018	0.012	0.006	0.006
NCOA3	0.024	0.006	0.000	0.018	-	PC	33.0490823601433	0.089	0.048	0.000	0.042
EPHA1	0.018	0.012	0.000	0.006	-	-	33.0095329085269	0.060	0.042	0.006	0.012
USF1	0.024	0.006	0.000	0.018	-	-	32.7659064531929	0.036	0.006	0.000	0.030
RUNDC3A	0.018	0.006	0.006	0.006	-	-	32.4810117745264	0.024	0.006	0.006	0.012
NR3C1	0.018	0.018	0.000	0.000	-	-	32.4550157334308	0.024	0.024	0.000	0.000
TP73	0.018	0.006	0.012	0.000	-	-	32.3479975957488	0.036	0.006	0.018	0.012
PIAS3	0.024	0.006	0.000	0.018	-	-	32.256833648844	0.036	0.012	0.000	0.024
TFDP1	0.018	0.006	0.000	0.012	-	PC	32.0303420421382	0.048	0.018	0.000	0.030
CASP8	0.024	0.018	0.006	0.000	-	PC	32.0298672291508	0.048	0.036	0.012	0.000
GATA1	0.018	0.012	0.006	0.000	CC	-	31.9948973014392	0.024	0.012	0.012	0.000
NCK1	0.018	0.012	0.000	0.006	-	-	31.9908287524002	0.036	0.030	0.000	0.012
RAPGEF5	0.018	0.012	0.006	0.006	-	-	31.8034317958637	0.071	0.024	0.006	0.048
IGF2	0.018	0.012	0.000	0.006	-	-	31.6878863531589	0.030	0.024	0.000	0.006
BCL6	0.018	0.018	0.000	0.006	CC	-	31.3266420191639	0.065	0.024	0.006	0.042
MACF1	0.113	0.089	0.012	0.012	-	-	30.8531979306151	0.185	0.155	0.012	0.018
PAK1	0.030	0.006	0.000	0.024	-	-	30.738391228481	0.054	0.012	0.006	0.036
PRKCA	0.018	0.006	0.006	0.006	-	-	30.3777172677062	0.036	0.012	0.006	0.018
TNNC2	0.018	0.000	0.000	0.018	-	-	30.3332912292203	0.042	0.000	0.000	0.042
AKT3	0.018	0.006	0.000	0.012	-	-	30.3278937312667	0.042	0.024	0.000	0.018
CACNA1E	0.018	0.018	0.000	0.000	-	-	30.2644383599277	0.119	0.107	0.000	0.012
DPYSL4	0.018	0.018	0.000	0.000	-	-	30.2308407713579	0.071	0.042	0.006	0.024
CD4	0.018	0.012	0.000	0.006	-	-	30.219089962964	0.030	0.024	0.000	0.006
TLE1	0.012	0.012	0.000	0.000	-	-	30.1049190769882	0.036	0.024	0.012	0.000
PTPRF	0.018	0.012	0.006	0.000	-	-	29.9970674831146	0.071	0.060	0.006	0.006
PAK2	0.024	0.006	0.006	0.012	-	-	29.8947979518537	0.077	0.024	0.006	0.054
NR2F2	0.024	0.006	0.000	0.018	-	-	29.7146865577235	0.065	0.018	0.000	0.048
ULK2	0.024	0.006	0.006	0.012	-	-	29.6347795708932	0.042	0.012	0.018	0.012
CACNA1H	0.018	0.018	0.000	0.000	-	-	29.4368454842539	0.083	0.071	0.006	0.006
TAF1B	0.030	0.018	0.006	0.006	-	-	29.3396328799541	0.042	0.024	0.006	0.012
SNTB1	0.024	0.006	0.000	0.024	-	-	29.2241417728929	0.083	0.018	0.000	0.071
ADAM12	0.018	0.006	0.006	0.006	-	-	29.0931727993129	0.077	0.030	0.012	0.036
LHX9	0.012	0.006	0.000	0.006	-	-	28.4767072533299	0.048	0.036	0.000	0.012
SRC	0.018	0.012	0.000	0.006	-	-	28.3923039166134	0.018	0.012	0.000	0.006
SP1	0.018	0.012	0.006	0.000	-	-	28.3794616822169	0.024	0.018	0.006	0.000
RPSA	0.012	0.006	0.000	0.006	-	-	28.3061775915951	0.054	0.036	0.006	0.012
ULK1	0.036	0.018	0.006	0.012	-	-	27.921259150299	0.071	0.048	0.012	0.012
MAPK1	0.012	0.006	0.000	0.006	-	-	27.6441746699359	0.018	0.006	0.000	0.012
LRP4	0.024	0.018	0.000	0.006	-	-	27.4556015872716	0.060	0.042	0.000	0.018
GNAQ	0.024	0.012	0.012	0.000	CC	-	27.2011908440328	0.036	0.018	0.018	0.000
FLI1	0.018	0.000	0.000	0.018	CC	-	27.129473041028	0.018	0.000	0.000	0.018
SIN3A	0.018	0.006	0.000	0.012	-	PC	26.696730168114	0.048	0.036	0.000	0.012
SMAD1	0.018	0.000	0.006	0.012	-	-	26.5913058866085	0.018	0.000	0.006	0.012
KCNJ2	0.012	0.006	0.000	0.006	-	-	26.589216770286	0.024	0.012	0.000	0.012
EPHA6	0.048	0.048	0.000	0.000	-	-	26.4954296173314	0.083	0.083	0.000	0.000
SP3	0.012	0.000	0.012	0.000	-	-	26.4906584162842	0.018	0.000	0.012	0.006
F2R	0.012	0.006	0.000	0.006	-	-	26.4675268936677	0.030	0.012	0.012	0.006
E2F4	0.012	0.006	0.000	0.006	-	-	26.3783326723781	0.018	0.006	0.006	0.006
CDK4	0.018	0.000	0.000	0.018	CC	-	26.3554358957706	0.018	0.000	0.000	0.018
SHC1	0.018	0.006	0.000	0.012	-	-	26.1637611455608	0.018	0.006	0.000	0.012
TRAF2	0.018	0.006	0.000	0.012	-	-	26.1632140777383	0.024	0.006	0.000	0.018
MYBPC1	0.012	0.012	0.000	0.000	-	-	26.1565853800036	0.024	0.018	0.006	0.000
PRKCZ	0.012	0.000	0.006	0.006	-	-	25.9812593447831	0.030	0.000	0.018	0.012
GAB2	0.018	0.000	0.006	0.012	-	-	25.8876736191383	0.042	0.000	0.012	0.030
RGL3	0.012	0.012	0.000	0.000	-	-	25.4701026773552	0.036	0.030	0.000	0.006
IL6ST	0.024	0.000	0.018	0.006	CC	-	25.3870897313988	0.048	0.024	0.018	0.006
ZYX	0.012	0.000	0.000	0.012	-	-	25.3471359172807	0.036	0.018	0.006	0.012
ONECUT1	0.012	0.006	0.006	0.000	-	-	25.0660953911174	0.042	0.036	0.006	0.000
COPS2	0.012	0.006	0.006	0.000	-	-	25.0660953911174	0.030	0.018	0.012	0.000
PXN	0.018	0.006	0.000	0.012	-	-	24.927199217373	0.030	0.018	0.000	0.018
RHOBTB1	0.012	0.006	0.000	0.006	-	-	24.9073082481639	0.054	0.024	0.000	0.030
HSP90AA1	0.018	0.018	0.000	0.000	-	-	24.9016905127937	0.036	0.036	0.000	0.000
MCC	0.012	0.006	0.006	0.000	-	-	24.8655603130857	0.077	0.036	0.036	0.012
ATR	0.012	0.012	0.000	0.000	-	PC	24.8264416092738	0.060	0.048	0.000	0.012
THBS2	0.018	0.000	0.012	0.006	-	-	24.4821607516969	0.042	0.024	0.012	0.006
LHX4	0.012	0.006	0.006	0.000	-	-	24.0638226706234	0.042	0.024	0.006	0.012
RASGRP2	0.018	0.012	0.006	0.000	-	-	24.0171104103043	0.036	0.024	0.006	0.006
LAMB4	0.012	0.012	0.000	0.000	-	-	24.0083382119967	0.089	0.065	0.000	0.024
CUL1	0.012	0.006	0.000	0.006	-	PC	23.9540546297397	0.077	0.054	0.012	0.012
RAPGEF2	0.024	0.018	0.000	0.006	-	-	23.9032796800077	0.060	0.036	0.000	0.024
GNB1	0.012	0.000	0.012	0.000	-	-	23.8839281067448	0.030	0.000	0.018	0.012
MAP3K4	0.018	0.018	0.000	0.000	-	PC	23.80696907583	0.054	0.048	0.006	0.000
CCL5	0.012	0.006	0.000	0.006	-	-	23.7859890358453	0.018	0.006	0.000	0.012
USF2	0.018	0.000	0.006	0.012	-	-	23.3958926765189	0.042	0.006	0.006	0.030
FGF5	0.012	0.000	0.012	0.000	-	-	23.3900009614521	0.024	0.006	0.012	0.006
ITGA6	0.012	0.006	0.006	0.000	-	PC	23.2551816691862	0.024	0.018	0.006	0.000
YWHAZ	0.018	0.000	0.000	0.018	-	-	23.2055098638211	0.065	0.006	0.000	0.060
MAG	0.012	0.006	0.000	0.006	-	-	23.1158472507711	0.065	0.030	0.006	0.030
PCDHA4	0.018	0.018	0.000	0.000	-	-	22.774486884799	0.071	0.065	0.000	0.006
BCAR1	0.012	0.006	0.000	0.006	-	-	22.7406577632154	0.030	0.018	0.006	0.006
TLE3	0.012	0.012	0.000	0.000	-	-	22.6664326633435	0.024	0.018	0.000	0.006
DKC1	0.012	0.000	0.000	0.012	-	-	22.6153469379293	0.036	0.006	0.006	0.030
ANGPT1	0.018	0.012	0.000	0.006	-	-	22.5095727716773	0.077	0.024	0.000	0.054
RAP2B	0.012	0.000	0.006	0.006	-	-	22.4997379811586	0.036	0.000	0.006	0.030
CDH26	0.012	0.006	0.000	0.006	-	-	22.4354292219501	0.095	0.042	0.000	0.054
PLK1	0.018	0.018	0.000	0.000	-	-	22.3910804086436	0.024	0.024	0.000	0.000
PTGES3	0.012	0.006	0.000	0.006	-	-	21.9214984306213	0.012	0.006	0.000	0.006
RAP1B	0.012	0.006	0.000	0.006	-	-	21.8351265857167	0.048	0.012	0.000	0.036
COMP	0.012	0.006	0.000	0.006	-	-	21.6772135665871	0.024	0.012	0.000	0.012
SV2B	0.018	0.000	0.000	0.018	-	-	21.670259351135	0.048	0.006	0.000	0.042
PPP3CB	0.012	0.006	0.000	0.006	-	-	21.6359525339395	0.048	0.030	0.000	0.024
RALA	0.012	0.000	0.000	0.012	-	-	21.6305474237313	0.024	0.000	0.000	0.024
PCDH18	0.018	0.018	0.000	0.000	-	-	21.578979760714	0.083	0.071	0.000	0.012
PCDHA6	0.018	0.018	0.000	0.000	-	-	21.5060632215265	0.071	0.065	0.000	0.006
ITGB1	0.018	0.006	0.000	0.012	-	-	21.1451543815878	0.042	0.024	0.000	0.018
RBBP4	0.012	0.012	0.000	0.000	-	-	21.0591094203771	0.042	0.030	0.006	0.006
NR2F6	0.012	0.012	0.000	0.000	-	-	20.9697953795477	0.018	0.012	0.000	0.006
COL5A3	0.018	0.012	0.006	0.000	-	-	20.9162175191023	0.060	0.048	0.012	0.000
PCDH17	0.018	0.012	0.000	0.006	-	-	20.8059084351379	0.125	0.107	0.012	0.006
MADD	0.012	0.012	0.000	0.000	-	-	20.7291122497889	0.095	0.077	0.006	0.012
STAT3	0.018	0.012	0.000	0.006	-	PC	20.5979570120221	0.042	0.018	0.000	0.024
TCF3	0.012	0.000	0.012	0.000	CC	-	20.3303473037546	0.036	0.012	0.018	0.006
COL11A1	0.030	0.030	0.000	0.000	-	-	20.2915007864832	0.077	0.065	0.006	0.006
LHX3	0.018	0.006	0.000	0.012	-	-	20.2070491315098	0.030	0.012	0.000	0.018
CCNB1	0.012	0.000	0.006	0.006	-	-	20.1432018831726	0.042	0.012	0.024	0.006
TERT	0.012	0.000	0.000	0.012	-	-	20.0324330385445	0.077	0.018	0.006	0.060
CREB1	0.012	0.000	0.006	0.006	CC	PC	20.0064991431803	0.024	0.012	0.006	0.006
APEX1	0.012	0.006	0.006	0.000	-	-	19.9465558411253	0.030	0.012	0.012	0.006
PLCZ1	0.012	0.000	0.006	0.006	-	-	19.8795264884538	0.030	0.012	0.006	0.012
THBS4	0.012	0.012	0.000	0.000	-	-	19.6893767385879	0.060	0.048	0.012	0.000
ITGA4	0.024	0.024	0.000	0.000	-	-	19.4136889888538	0.054	0.036	0.018	0.000
MAP3K1	0.018	0.006	0.012	0.000	-	PC	19.4096095764686	0.048	0.030	0.018	0.000
RHOD	0.012	0.000	0.000	0.012	-	-	19.387933917854	0.036	0.006	0.006	0.024
VPS72	0.012	0.000	0.000	0.012	-	-	19.2693911952802	0.024	0.006	0.000	0.018
ITGB3	0.012	0.006	0.000	0.006	-	-	19.1691878532306	0.018	0.012	0.000	0.006
TRPC4	0.018	0.018	0.000	0.000	-	-	19.069438202839	0.071	0.060	0.000	0.018
TBP	0.012	0.000	0.000	0.012	-	-	18.8016565118611	0.024	0.006	0.006	0.012
CDK9	0.018	0.000	0.000	0.018	-	-	18.7973291460279	0.042	0.018	0.000	0.024
PLCB1	0.018	0.000	0.006	0.012	-	-	18.5513714027592	0.071	0.048	0.006	0.018
FYN	0.018	0.012	0.006	0.000	-	-	18.4556546941312	0.036	0.030	0.006	0.000
TGFBR1	0.024	0.018	0.000	0.006	-	-	18.2998266103487	0.042	0.030	0.006	0.006
ACTN1	0.012	0.006	0.000	0.006	-	-	18.2937922414201	0.042	0.030	0.006	0.006
VIM	0.018	0.012	0.000	0.006	-	-	18.2091699082051	0.065	0.048	0.006	0.018
CNKSR2	0.018	0.012	0.000	0.006	-	-	18.1650147466159	0.077	0.036	0.036	0.006
NF1	0.012	0.006	0.000	0.006	CC	PC	18.0015838140341	0.065	0.042	0.006	0.018
TP53BP1	0.012	0.012	0.000	0.000	-	PC	17.9922317884933	0.042	0.036	0.006	0.000
IGFALS	0.018	0.018	0.000	0.000	-	-	17.8957841388427	0.042	0.042	0.000	0.000
SV2A	0.012	0.006	0.000	0.006	-	-	17.8878847225041	0.077	0.054	0.000	0.024
STAT1	0.012	0.006	0.006	0.000	-	-	17.7591295051431	0.042	0.036	0.006	0.000
JUN	0.006	0.006	0.000	0.000	CC	-	17.738125938919	0.018	0.018	0.000	0.000
DNMT1	0.006	0.006	0.000	0.000	-	-	17.738125938919	0.048	0.036	0.012	0.000
CFTR	0.012	0.006	0.000	0.006	-	-	17.66827564656	0.077	0.030	0.006	0.042
VDR	0.006	0.006	0.000	0.000	-	-	17.6201873522088	0.024	0.006	0.018	0.000
NOTCH2NL	0.006	0.006	0.000	0.000	-	-	17.6201873522088	0.030	0.006	0.000	0.024
APBA2	0.006	0.006	0.000	0.000	-	-	17.6201873522088	0.036	0.036	0.000	0.000
COL20A1	0.018	0.012	0.000	0.006	-	-	17.5872154796684	0.107	0.042	0.006	0.060
BCL2L1	0.012	0.000	0.000	0.012	-	-	17.3914571717274	0.024	0.000	0.000	0.024
SOS1	0.012	0.012	0.000	0.000	-	PC	17.2369285491459	0.036	0.036	0.000	0.000
INVS	0.018	0.006	0.006	0.006	-	-	17.236878831649	0.065	0.054	0.006	0.006
RASGRP3	0.012	0.012	0.000	0.000	-	-	17.0845513436701	0.018	0.018	0.000	0.000
NTRK1	0.012	0.006	0.000	0.006	CC	-	16.864538436201	0.024	0.012	0.000	0.012
CCNB2	0.012	0.000	0.012	0.000	-	-	16.7324577433522	0.024	0.006	0.018	0.000
KAL1	0.018	0.012	0.000	0.006	-	-	16.6244742315533	0.095	0.054	0.030	0.012
PLCE1	0.012	0.012	0.000	0.000	-	-	16.5932153504674	0.065	0.036	0.024	0.006
PLD2	0.012	0.006	0.006	0.000	-	-	16.5548172897837	0.048	0.036	0.012	0.000
KL	0.012	0.006	0.000	0.012	-	-	16.4428173404452	0.048	0.024	0.000	0.030
WWP2	0.012	0.012	0.000	0.000	-	-	16.4286915979395	0.048	0.036	0.012	0.000
CCND2	0.018	0.006	0.006	0.006	CC	-	16.3471443461053	0.048	0.018	0.012	0.018
PCDHGB2	0.012	0.012	0.000	0.000	-	-	16.3280544678452	0.054	0.048	0.000	0.006
CRMP1	0.018	0.018	0.006	0.000	-	-	16.1436501273687	0.048	0.036	0.018	0.000
INSR	0.012	0.006	0.006	0.000	-	-	16.0197951184266	0.065	0.054	0.012	0.000
ARNT	0.012	0.000	0.000	0.012	CC	-	15.7705226832335	0.030	0.006	0.000	0.024
RBBP7	0.018	0.018	0.000	0.000	-	-	15.7128280721166	0.054	0.024	0.018	0.012
JMJD1C	0.018	0.018	0.000	0.000	-	-	15.6986476698263	0.113	0.083	0.012	0.018
RBL2	0.012	0.006	0.006	0.000	-	-	15.5938237364369	0.042	0.024	0.018	0.000
XRCC1	0.012	0.012	0.000	0.000	-	-	15.5858755299674	0.024	0.018	0.000	0.006
PPP3CA	0.006	0.006	0.000	0.000	-	-	15.5783678687611	0.018	0.018	0.000	0.000
GRM5	0.119	0.089	0.006	0.024	-	-	15.4216464245197	0.125	0.095	0.006	0.024
RARG	0.006	0.000	0.006	0.000	-	-	15.3231485995535	0.006	0.000	0.006	0.000
TRPM2	0.006	0.006	0.000	0.000	-	-	15.1788806522643	0.054	0.042	0.012	0.000
NGF	0.012	0.006	0.000	0.006	-	-	15.1699046280582	0.018	0.006	0.006	0.006
PARD3B	0.018	0.012	0.006	0.000	-	-	15.1501127284935	0.095	0.048	0.048	0.000
GSK3B	0.006	0.006	0.000	0.000	-	-	15.1247922507331	0.018	0.012	0.006	0.000
DPYSL5	0.006	0.006	0.000	0.000	-	-	15.1247922507331	0.042	0.030	0.000	0.012
NFIC	0.018	0.006	0.012	0.000	-	-	15.1128081000502	0.030	0.018	0.012	0.000
WISP1	0.024	0.000	0.000	0.024	-	-	15.0303107209067	0.077	0.012	0.000	0.065
PML	0.006	0.006	0.000	0.000	CC	-	14.7509904025742	0.048	0.036	0.000	0.012
FOS	0.006	0.006	0.000	0.000	-	-	14.7509904025742	0.012	0.006	0.000	0.006
VWF	0.012	0.012	0.000	0.000	-	-	14.620766203549	0.071	0.065	0.000	0.006
NFKB1	0.006	0.006	0.000	0.000	-	-	14.5265512082271	0.024	0.024	0.000	0.000
NCL	0.006	0.006	0.000	0.000	-	-	14.5265512082271	0.018	0.018	0.000	0.000
MYH6	0.006	0.006	0.000	0.000	-	-	14.5265512082271	0.095	0.095	0.012	0.006
FGF7	0.006	0.000	0.006	0.000	-	-	14.5265512082271	0.024	0.012	0.012	0.000
BARD1	0.006	0.006	0.000	0.000	-	PC	14.5265512082271	0.012	0.012	0.000	0.000
KCNJ12	0.012	0.012	0.000	0.000	-	-	14.5193559468378	0.089	0.060	0.030	0.006
PPP1R9A	0.018	0.012	0.000	0.006	-	-	14.4343584319674	0.101	0.042	0.006	0.060
INPPL1	0.012	0.000	0.006	0.006	-	-	14.3964723402017	0.065	0.042	0.012	0.012
TJP1	0.006	0.006	0.000	0.000	-	-	14.3484505259052	0.042	0.042	0.000	0.000
RAP1A	0.006	0.000	0.006	0.000	-	-	14.3484505259052	0.012	0.006	0.006	0.000
NHLH2	0.006	0.000	0.006	0.000	-	-	14.3484505259052	0.018	0.000	0.012	0.006
DAG1	0.006	0.000	0.006	0.000	-	-	14.3484505259052	0.036	0.018	0.018	0.000
TRPC6	0.012	0.012	0.000	0.000	-	-	14.0515819838617	0.042	0.042	0.000	0.000
WNT3A	0.006	0.000	0.000	0.006	-	-	13.9420975770478	0.042	0.024	0.006	0.012
MAX	0.012	0.006	0.000	0.006	-	PC	13.9362007747486	0.018	0.012	0.000	0.006
MYH8	0.012	0.012	0.000	0.000	-	-	13.7839294139561	0.071	0.054	0.018	0.000
PIP5K1B	0.012	0.000	0.012	0.000	-	-	13.6686319963338	0.024	0.006	0.018	0.000
TP63	0.012	0.000	0.000	0.012	-	-	13.6443373731402	0.077	0.030	0.012	0.042
MDM4	0.012	0.006	0.000	0.006	CC	-	13.6414031387199	0.042	0.018	0.000	0.024
HSPG2	0.012	0.012	0.000	0.000	-	-	13.6231872354717	0.107	0.089	0.012	0.012
GAB1	0.012	0.000	0.000	0.012	-	-	13.4771187335159	0.024	0.006	0.006	0.012
SREBF1	0.012	0.000	0.006	0.006	-	-	13.3157424854528	0.077	0.036	0.024	0.018
FGF6	0.012	0.006	0.006	0.000	-	-	13.2613764894705	0.036	0.018	0.006	0.012
TOP1	0.036	0.024	0.006	0.006	CC	-	13.183013389159	0.065	0.036	0.006	0.024
CYP51A1	0.006	0.000	0.000	0.006	-	-	13.138160857743	0.095	0.024	0.000	0.071
CDC42	0.006	0.000	0.000	0.006	-	-	13.138160857743	0.018	0.000	0.012	0.006
BCL2	0.006	0.000	0.006	0.000	CC	-	13.1141871530926	0.030	0.006	0.024	0.000
ELN	0.012	0.006	0.000	0.006	CC	-	13.0971824697848	0.042	0.018	0.000	0.024
CTNNA2	0.012	0.012	0.000	0.000	-	-	13.0790453968462	0.071	0.065	0.006	0.000
SYNGAP1	0.018	0.018	0.000	0.000	-	-	13.0730656265909	0.048	0.042	0.006	0.000
XRCC6	0.006	0.006	0.000	0.000	-	-	13.0587026944659	0.018	0.012	0.006	0.000
ERG	0.006	0.006	0.000	0.000	CC	-	13.0587026944659	0.048	0.030	0.018	0.000
CHEK1	0.006	0.006	0.000	0.000	-	-	13.0587026944659	0.036	0.024	0.000	0.012
BRAF	0.006	0.006	0.000	0.000	CC	PC	13.0587026944659	0.054	0.036	0.006	0.012
KIT	0.012	0.012	0.000	0.000	CC	PC	12.9718172524555	0.048	0.036	0.006	0.012
SPTBN4	0.006	0.006	0.000	0.000	-	-	12.9032314345554	0.095	0.071	0.000	0.024
MLLT4	0.006	0.006	0.000	0.000	CC	PC	12.8430984870401	0.065	0.048	0.006	0.012
FIGF	0.006	0.000	0.006	0.000	-	-	12.8430984870401	0.030	0.000	0.024	0.006
CETN2	0.006	0.000	0.006	0.000	-	-	12.8430984870401	0.054	0.012	0.006	0.036
ADAM10	0.006	0.006	0.000	0.000	-	PC	12.8430984870401	0.018	0.012	0.006	0.000
RXRB	0.006	0.000	0.006	0.000	-	-	12.8321916045643	0.018	0.006	0.006	0.006
MAGI1	0.006	0.000	0.006	0.000	-	-	12.7594518825567	0.042	0.024	0.006	0.012
FOXO1	0.006	0.000	0.006	0.000	-	-	12.7594518825567	0.036	0.012	0.006	0.018
CALM1	0.006	0.000	0.006	0.000	-	-	12.7594518825567	0.012	0.006	0.006	0.000
RHOT2	0.012	0.006	0.006	0.000	-	-	12.7440427499805	0.048	0.030	0.012	0.006
DPYS	0.036	0.018	0.000	0.024	-	-	12.7057707592665	0.083	0.036	0.000	0.054
LRP6	0.012	0.012	0.000	0.000	-	-	12.6086628298521	0.024	0.024	0.000	0.000
MED14	0.018	0.018	0.000	0.000	-	-	12.5967585784165	0.060	0.042	0.018	0.000
GNG7	0.006	0.006	0.000	0.000	-	-	12.5777215882611	0.024	0.012	0.012	0.000
NFE2L2	0.006	0.000	0.006	0.000	CC	PC	12.5605911042717	0.024	0.006	0.012	0.006
PTPRB	0.006	0.006	0.000	0.000	-	-	12.5507852667519	0.060	0.048	0.000	0.012
IL12RB1	0.006	0.006	0.000	0.000	-	-	12.5507852667519	0.024	0.012	0.000	0.012
CDC25C	0.012	0.006	0.000	0.006	-	-	12.4582618886175	0.048	0.036	0.006	0.006
SFRS5	0.012	0.012	0.000	0.000	-	-	12.44145434423	0.024	0.024	0.000	0.000
FGF1	0.006	0.000	0.000	0.006	-	-	12.4141521769168	0.012	0.006	0.000	0.006
ITGAD	0.012	0.012	0.000	0.000	-	-	12.2619221573056	0.042	0.042	0.000	0.000
TFAP2B	0.006	0.006	0.000	0.000	-	-	12.210659523536	0.036	0.018	0.000	0.018
FN1	0.006	0.006	0.000	0.000	-	PC	12.210659523536	0.060	0.060	0.000	0.000
RBL1	0.012	0.006	0.000	0.006	-	-	12.0775554863331	0.036	0.030	0.000	0.006
COL4A4	0.012	0.012	0.000	0.000	-	-	12.0195966781903	0.060	0.060	0.000	0.000
ERBB2IP	0.024	0.012	0.012	0.000	-	PC	11.9566969496622	0.042	0.024	0.018	0.000
SMC2	0.012	0.006	0.000	0.006	-	-	11.729399632441	0.030	0.024	0.000	0.006
CDH20	0.012	0.006	0.006	0.000	-	-	11.7232036187181	0.083	0.060	0.024	0.000
FAT2	0.018	0.012	0.006	0.000	-	-	11.7179435265342	0.143	0.131	0.006	0.006
STAM	0.006	0.006	0.000	0.000	-	-	11.7120221472343	0.042	0.018	0.006	0.018
SKIL	0.006	0.006	0.000	0.000	-	-	11.7120221472343	0.095	0.012	0.006	0.077
MAP2K1	0.006	0.006	0.000	0.000	-	-	11.7120221472343	0.036	0.030	0.000	0.006
CACNA2D2	0.012	0.006	0.006	0.000	-	-	11.4942654480736	0.060	0.030	0.024	0.006
KCNJ3	0.006	0.006	0.000	0.000	-	-	11.4132815898186	0.054	0.048	0.006	0.000
CACNA1A	0.006	0.000	0.006	0.000	-	-	11.4132815898186	0.048	0.036	0.006	0.012
NEBL	0.012	0.012	0.000	0.000	-	-	11.3034297514304	0.095	0.071	0.006	0.024
NCAPG2	0.006	0.000	0.006	0.000	-	-	11.2823838233848	0.065	0.030	0.024	0.012
COL5A1	0.006	0.000	0.000	0.006	-	-	11.2823838233848	0.089	0.071	0.000	0.018
CASK	0.006	0.000	0.006	0.000	-	-	11.2823838233848	0.036	0.012	0.018	0.006
EPHA8	0.018	0.018	0.000	0.000	-	-	11.2130010986109	0.077	0.065	0.006	0.006
SRF	0.024	0.006	0.000	0.018	-	-	11.1805972574643	0.065	0.006	0.000	0.060
SORT1	0.012	0.012	0.000	0.000	-	-	11.0883002566024	0.024	0.018	0.006	0.000
RAB2A	0.012	0.000	0.006	0.006	-	-	11.0068505309442	0.042	0.000	0.006	0.036
PIP4K2C	0.006	0.000	0.000	0.006	-	-	10.9777047277393	0.024	0.006	0.000	0.018
MED20	0.012	0.000	0.000	0.012	-	-	10.9750384988537	0.060	0.006	0.000	0.054
NRG3	0.054	0.030	0.018	0.006	-	-	10.9660897316067	0.083	0.042	0.024	0.018
RHOBTB2	0.006	0.006	0.000	0.000	-	-	10.9616135043561	0.071	0.048	0.024	0.000
NPHP1	0.006	0.000	0.000	0.006	-	-	10.9616135043561	0.018	0.006	0.000	0.012
LIMS1	0.006	0.000	0.000	0.006	-	-	10.9616135043561	0.024	0.012	0.000	0.012
INCENP	0.006	0.006	0.000	0.000	-	-	10.9544659729261	0.054	0.048	0.006	0.000
CEBPB	0.006	0.000	0.000	0.006	-	-	10.9544659729261	0.065	0.000	0.000	0.065
CDK6	0.006	0.000	0.000	0.006	CC	-	10.9544659729261	0.071	0.012	0.000	0.065
TIMELESS	0.006	0.006	0.000	0.000	-	-	10.9496355175308	0.048	0.042	0.000	0.006
CAMK2B	0.006	0.006	0.000	0.000	-	-	10.8212567175552	0.036	0.012	0.000	0.024
GUCY1A2	0.012	0.012	0.000	0.000	-	-	10.7935320401827	0.036	0.036	0.000	0.000
DTX1	0.018	0.018	0.000	0.000	-	-	10.780675536605	0.048	0.048	0.000	0.000
LAMB3	0.006	0.000	0.000	0.006	-	-	10.7559472461132	0.060	0.042	0.000	0.018
ACACB	0.012	0.012	0.000	0.000	-	-	10.7506037229148	0.065	0.065	0.000	0.000
TLE2	0.006	0.006	0.000	0.000	-	-	10.7079675381782	0.048	0.036	0.012	0.000
SH3KBP1	0.012	0.000	0.006	0.006	-	-	10.7046895717709	0.083	0.030	0.042	0.012
PAK4	0.006	0.000	0.000	0.006	-	-	10.7016950738543	0.054	0.024	0.000	0.030
PCSK5	0.006	0.006	0.000	0.000	-	-	10.6945905649146	0.054	0.036	0.012	0.006
ARID1B	0.006	0.000	0.006	0.000	-	-	10.6945905649146	0.083	0.060	0.018	0.006
RAB5A	0.006	0.000	0.000	0.006	-	-	10.6859902393863	0.036	0.012	0.006	0.018
FGF12	0.006	0.000	0.000	0.006	-	-	10.6859902393863	0.077	0.024	0.006	0.054
PAK3	0.012	0.006	0.000	0.006	-	-	10.5516857084343	0.018	0.012	0.000	0.006
PCDHGA2	0.006	0.006	0.000	0.000	-	-	10.2918319329917	0.065	0.060	0.000	0.006
MAP2K6	0.006	0.000	0.000	0.006	-	-	10.2918319329917	0.018	0.006	0.000	0.018
KPNA2	0.006	0.000	0.000	0.006	-	-	10.2918319329917	0.048	0.030	0.000	0.018
HEY2	0.006	0.000	0.000	0.006	-	-	10.2918319329917	0.006	0.000	0.000	0.006
GNA13	0.006	0.000	0.000	0.006	-	-	10.2918319329917	0.030	0.012	0.000	0.018
BST1	0.006	0.000	0.000	0.006	-	-	10.2918319329917	0.030	0.012	0.012	0.006
SSH3	0.006	0.006	0.000	0.000	-	-	10.2522804864267	0.060	0.024	0.006	0.030
NKX2-1	0.006	0.006	0.000	0.000	CC	-	10.2522804864267	0.024	0.024	0.000	0.000
TNFRSF10D	0.006	0.006	0.000	0.000	-	-	10.1533539862355	0.042	0.018	0.024	0.000
RAF1	0.006	0.006	0.000	0.000	CC	-	10.1533539862355	0.030	0.018	0.000	0.012
NR2F1	0.006	0.006	0.000	0.000	-	-	10.0581489172552	0.030	0.012	0.018	0.000
MED21	0.006	0.006	0.000	0.000	-	-	10.0581489172552	0.042	0.012	0.006	0.024
COL4A1	0.012	0.012	0.000	0.000	-	-	10.0334083356423	0.095	0.060	0.000	0.036
TFAP2A	0.006	0.000	0.000	0.006	-	-	9.83742632866	0.012	0.000	0.006	0.006
RHOB	0.006	0.000	0.000	0.006	-	-	9.83742632866	0.012	0.006	0.000	0.006
ID2	0.006	0.000	0.000	0.006	-	-	9.83742632866	0.006	0.000	0.000	0.006
IL5RA	0.012	0.006	0.006	0.000	-	-	9.80687171972523	0.054	0.018	0.030	0.006
PUF60	0.012	0.000	0.000	0.012	-	-	9.7063032798094	0.077	0.012	0.000	0.065
PGR	0.006	0.006	0.000	0.000	-	-	9.48635359555631	0.060	0.060	0.000	0.000
SMARCB1	0.012	0.006	0.000	0.006	CC	-	9.4323341792381	0.030	0.024	0.000	0.006
VCL	0.012	0.000	0.006	0.006	-	-	9.39434825377831	0.030	0.000	0.006	0.024
MED31	0.006	0.000	0.006	0.000	-	-	9.37791779653637	0.012	0.000	0.012	0.000
ITGAE	0.006	0.000	0.006	0.000	-	-	9.37791779653637	0.042	0.030	0.012	0.000
FCER1G	0.006	0.000	0.000	0.006	-	-	9.37791779653637	0.024	0.000	0.000	0.024
DVL2	0.006	0.000	0.006	0.000	-	-	9.37791779653637	0.018	0.006	0.012	0.000
RHOJ	0.006	0.000	0.000	0.006	-	-	9.37672652748417	0.018	0.012	0.000	0.006
RGL4	0.006	0.000	0.000	0.006	-	-	9.37672652748417	0.006	0.000	0.000	0.006
POLR2A	0.012	0.012	0.000	0.000	-	-	9.28937922718962	0.071	0.060	0.012	0.000
PLAT	0.012	0.006	0.000	0.006	-	-	9.17187292854017	0.054	0.012	0.012	0.030
NOLC1	0.006	0.006	0.000	0.000	-	-	9.15046847243196	0.042	0.030	0.006	0.006
GRAP	0.006	0.000	0.000	0.006	-	-	9.15046847243196	0.030	0.000	0.018	0.012
TCEB3B	0.018	0.018	0.000	0.000	-	-	9.12588510094924	0.083	0.054	0.030	0.000
IL2RA	0.006	0.000	0.000	0.006	-	-	9.07900169117196	0.024	0.000	0.006	0.018
TRAF1	0.012	0.006	0.000	0.006	-	-	9.04926468137715	0.030	0.012	0.000	0.018
IRS2	0.006	0.000	0.000	0.006	-	PC	8.91706571393595	0.065	0.024	0.000	0.042
GNA15	0.006	0.000	0.006	0.000	-	-	8.91706571393595	0.030	0.012	0.018	0.000
STK11	0.012	0.006	0.006	0.000	CC	PC	8.8667521617388	0.036	0.012	0.018	0.006
JAK1	0.006	0.006	0.000	0.000	CC	-	8.8599668814075	0.024	0.024	0.000	0.000
TNFRSF1B	0.006	0.000	0.006	0.000	-	-	8.75913585601167	0.024	0.006	0.006	0.012
SMC4	0.006	0.006	0.000	0.000	-	-	8.75913585601167	0.083	0.042	0.006	0.042
PTRF	0.006	0.006	0.000	0.000	-	-	8.75913585601167	0.030	0.006	0.000	0.024
FLNC	0.006	0.006	0.000	0.000	-	-	8.75913585601167	0.107	0.089	0.006	0.012
CUL5	0.006	0.006	0.000	0.000	-	-	8.75913585601167	0.042	0.042	0.000	0.000
CNTN5	0.006	0.006	0.000	0.000	-	-	8.75913585601167	0.071	0.060	0.012	0.000
THRB	0.006	0.006	0.000	0.000	-	-	8.72655590092042	0.042	0.030	0.006	0.006
KLC1	0.006	0.006	0.000	0.000	-	-	8.72655590092042	0.018	0.018	0.000	0.000
COL2A1	0.006	0.006	0.000	0.000	-	-	8.72655590092042	0.071	0.060	0.012	0.000
CDH23	0.012	0.012	0.000	0.000	-	-	8.49572749613639	0.125	0.113	0.000	0.018
CCNB3	0.030	0.024	0.006	0.000	-	-	8.43433684131575	0.071	0.060	0.012	0.000
NRG1	0.012	0.012	0.000	0.000	-	-	8.3102098153222	0.077	0.054	0.018	0.006
VDAC1	0.006	0.000	0.006	0.000	-	-	8.21028466578702	0.030	0.006	0.018	0.006
PCDHA7	0.006	0.006	0.000	0.000	-	-	8.21028466578702	0.065	0.060	0.000	0.006
KCNA4	0.006	0.006	0.000	0.000	-	-	8.21028466578702	0.054	0.048	0.000	0.006
FGF17	0.006	0.000	0.006	0.000	-	-	8.21028466578702	0.042	0.018	0.024	0.000
BMPR1A	0.006	0.000	0.006	0.000	CC	-	8.21028466578702	0.042	0.006	0.030	0.006
PPARGC1A	0.024	0.024	0.000	0.000	-	-	8.20781605500489	0.065	0.054	0.012	0.000
PCDHA9	0.006	0.006	0.000	0.000	-	-	8.11692984888589	0.054	0.048	0.000	0.006
AIFM1	0.006	0.006	0.000	0.000	-	-	8.09981413602351	0.018	0.006	0.000	0.012
PCDH9	0.006	0.000	0.000	0.006	-	-	8.06627518556768	0.060	0.048	0.006	0.012
IL13RA1	0.012	0.006	0.006	0.000	-	-	7.9620552054536	0.030	0.018	0.006	0.006
PRKCH	0.006	0.006	0.000	0.000	-	-	7.9340828712381	0.036	0.024	0.006	0.006
ACAN	0.006	0.006	0.000	0.000	-	-	7.9340828712381	0.101	0.071	0.000	0.030
HSF1	0.012	0.000	0.000	0.012	-	-	7.71003296217106	0.071	0.006	0.000	0.065
STX1A	0.006	0.000	0.000	0.006	-	-	7.52630657268667	0.030	0.012	0.000	0.024
CD53	0.006	0.006	0.000	0.000	-	-	7.4633958215794	0.012	0.006	0.006	0.000
CSE1L	0.006	0.000	0.000	0.006	-	-	7.44590803890863	0.054	0.012	0.000	0.042
CD40	0.006	0.000	0.000	0.006	-	-	7.44590803890863	0.036	0.000	0.000	0.036
CPT1A	0.012	0.000	0.000	0.012	-	-	7.44382552413911	0.083	0.030	0.006	0.048
TJP2	0.006	0.000	0.006	0.000	-	PC	7.43775826263762	0.060	0.036	0.024	0.000
MDC1	0.024	0.018	0.000	0.006	-	PC	7.37722635840618	0.101	0.083	0.012	0.012
SUPT16H	0.006	0.000	0.006	0.000	-	-	7.31835514957089	0.042	0.024	0.012	0.006
MMP14	0.006	0.000	0.006	0.000	-	-	7.31835514957089	0.024	0.000	0.018	0.006
ANK1	0.006	0.006	0.000	0.000	-	-	7.31835514957089	0.095	0.054	0.012	0.030
PDX1	0.006	0.000	0.006	0.000	-	-	7.30180490019268	0.024	0.006	0.006	0.012
LMO3	0.006	0.000	0.006	0.000	-	-	7.30180490019268	0.024	0.018	0.006	0.000
LCP1	0.006	0.000	0.000	0.006	CC	PC	7.30180490019268	0.060	0.030	0.000	0.030
MAPK11	0.006	0.000	0.006	0.000	-	-	7.24539813931572	0.036	0.006	0.036	0.000
BIRC3	0.006	0.006	0.000	0.000	CC	-	7.19405201858625	0.012	0.012	0.000	0.000
PLG	0.006	0.006	0.000	0.000	-	-	7.17689949324732	0.042	0.036	0.006	0.000
MAPK9	0.006	0.006	0.000	0.000	-	-	7.17689949324732	0.036	0.012	0.012	0.012
ARF1	0.006	0.000	0.006	0.000	-	-	7.17689949324732	0.024	0.006	0.006	0.012
PCDHB9	0.006	0.006	0.000	0.000	-	-	7.17658938160512	0.089	0.089	0.000	0.000
MPZ	0.006	0.000	0.000	0.006	-	-	7.17658938160512	0.024	0.000	0.000	0.024
HLTF	0.006	0.000	0.000	0.006	-	-	7.17658938160512	0.042	0.024	0.000	0.018
RHOT1	0.006	0.000	0.000	0.006	-	-	7.06609081296101	0.030	0.000	0.000	0.030
KCNIP3	0.006	0.000	0.000	0.006	-	-	7.06609081296101	0.036	0.030	0.000	0.006
GNAS	0.006	0.000	0.000	0.006	CC	PC	7.06609081296101	0.137	0.071	0.006	0.060
PPP1CA	0.006	0.000	0.000	0.006	-	-	7.01522647182738	0.042	0.006	0.006	0.030
HTT	0.006	0.006	0.000	0.000	-	-	7.01522647182738	0.095	0.077	0.012	0.006
CHKA	0.006	0.000	0.000	0.006	-	-	7.01522647182738	0.054	0.006	0.006	0.042
BCL11A	0.006	0.006	0.000	0.000	CC	-	7.01522647182738	0.054	0.054	0.000	0.000
RASGRP4	0.006	0.000	0.000	0.006	-	-	6.94822810672637	0.036	0.012	0.000	0.024
PSENEN	0.006	0.000	0.000	0.006	-	-	6.94822810672637	0.048	0.012	0.006	0.030
GSK3A	0.006	0.000	0.000	0.006	-	-	6.94822810672637	0.012	0.000	0.006	0.006
ERCC2	0.006	0.000	0.000	0.006	CC	PC	6.94822810672637	0.036	0.024	0.000	0.012
CEBPA	0.006	0.000	0.000	0.006	CC	PC	6.94822810672637	0.048	0.000	0.018	0.030
SHC3	0.012	0.006	0.000	0.006	-	-	6.77936916430628	0.054	0.036	0.012	0.006
TLN2	0.012	0.012	0.000	0.000	-	-	6.76389792664481	0.113	0.089	0.012	0.012
NTRK2	0.006	0.006	0.000	0.000	-	-	6.65777816641119	0.042	0.030	0.012	0.000
PIK3R5	0.006	0.006	0.000	0.000	-	-	6.59402815629958	0.048	0.030	0.018	0.000
RFX6	0.006	0.006	0.000	0.000	-	-	6.53592052670357	0.048	0.042	0.006	0.000
GRB7	0.006	0.000	0.000	0.006	-	-	6.52095206752548	0.107	0.024	0.000	0.083
HDAC2	0.006	0.000	0.006	0.000	-	-	6.37778909615595	0.012	0.006	0.006	0.000
SALL2	0.024	0.006	0.012	0.006	-	-	6.34478591418084	0.042	0.024	0.012	0.006
SMARCD2	0.006	0.000	0.000	0.006	-	-	6.23868453089149	0.048	0.024	0.000	0.024
PRKAR1B	0.006	0.000	0.000	0.006	-	-	6.23868453089149	0.071	0.018	0.000	0.054
LHX2	0.006	0.000	0.000	0.006	-	-	6.23868453089149	0.036	0.018	0.000	0.018
ERN1	0.006	0.000	0.000	0.006	-	-	6.23868453089149	0.042	0.024	0.000	0.024
TERF1	0.006	0.006	0.000	0.000	-	-	6.12441205773488	0.054	0.012	0.000	0.042
FGF3	0.006	0.000	0.000	0.006	-	-	6.11299526475417	0.077	0.006	0.006	0.065
FCHSD2	0.006	0.000	0.000	0.006	-	-	6.11299526475417	0.048	0.012	0.012	0.024
SOCS3	0.006	0.006	0.000	0.000	-	-	6.03786717843762	0.024	0.012	0.000	0.012
ARVCF	0.006	0.006	0.000	0.000	-	-	6.03786717843762	0.042	0.036	0.000	0.006
GRIN2A	0.006	0.006	0.000	0.000	-	-	5.88499337825993	0.065	0.060	0.000	0.006
LRRC7	0.024	0.024	0.000	0.000	-	-	5.80879373457658	0.095	0.089	0.006	0.000
SVEP1	0.012	0.006	0.000	0.006	-	-	5.76660738116365	0.101	0.095	0.000	0.006
CACNA1B	0.006	0.006	0.000	0.000	-	-	5.72236340728451	0.119	0.089	0.000	0.030
EFNB2	0.006	0.000	0.000	0.006	-	-	5.68411527793263	0.036	0.006	0.000	0.030
TNIK	0.006	0.000	0.000	0.006	-	-	5.653598533578	0.101	0.036	0.006	0.065
NR4A2	0.006	0.006	0.000	0.000	-	PC	5.64955433422648	0.042	0.036	0.006	0.000
ADCY2	0.006	0.006	0.000	0.000	-	-	5.64955433422648	0.101	0.065	0.006	0.036
TNFSF10	0.012	0.000	0.000	0.012	-	-	5.5092347296074	0.077	0.012	0.006	0.060
NRP1	0.006	0.006	0.000	0.000	-	-	5.49864461066482	0.083	0.065	0.000	0.018
FASLG	0.006	0.006	0.000	0.000	-	-	5.4931985968664	0.018	0.012	0.000	0.006
STAT2	0.006	0.006	0.000	0.000	-	-	5.38127018331941	0.024	0.018	0.000	0.006
PIAS1	0.006	0.006	0.000	0.000	-	-	5.38127018331941	0.042	0.030	0.006	0.006
HES1	0.006	0.000	0.000	0.006	-	-	5.37858307204759	0.060	0.000	0.006	0.054
CD2AP	0.018	0.006	0.006	0.006	-	-	5.3435089418559	0.048	0.018	0.006	0.024
SMARCC2	0.006	0.006	0.000	0.000	-	-	5.32729361823245	0.042	0.030	0.000	0.012
SIAH1	0.006	0.000	0.000	0.006	-	-	5.19853840087139	0.018	0.006	0.006	0.006
RAPGEF6	0.006	0.000	0.006	0.000	-	-	5.19853840087139	0.083	0.042	0.036	0.006
CDH3	0.012	0.006	0.006	0.000	-	-	4.71753831218549	0.048	0.036	0.012	0.000
COL4A5	0.006	0.006	0.000	0.000	-	-	4.61976400468146	0.048	0.048	0.000	0.000
RGS12	0.006	0.006	0.000	0.000	-	-	4.36422678807016	0.095	0.077	0.012	0.006
TNR	0.006	0.006	0.000	0.000	-	-	3.93134907454633	0.071	0.054	0.006	0.012
SDCBP2	0.012	0.000	0.000	0.012	-	-	3.84302277581463	0.030	0.012	0.000	0.018
TNF	0.006	0.000	0.000	0.006	-	-	3.81766087298357	0.024	0.000	0.012	0.012
PRNP	0.006	0.000	0.000	0.006	-	-	3.81766087298357	0.036	0.024	0.000	0.018
PBX2	0.006	0.000	0.000	0.006	-	-	3.81766087298357	0.042	0.018	0.012	0.012
PAK7	0.006	0.000	0.000	0.006	-	-	3.81766087298357	0.054	0.036	0.000	0.018
PIK3C3	0.006	0.006	0.000	0.000	-	-	3.81659794176374	0.065	0.036	0.024	0.012
TUBA1A	0.006	0.000	0.000	0.006	-	PC	3.66821376086742	0.018	0.006	0.006	0.006
GNB2	0.012	0.000	0.000	0.012	-	-	3.57804335492836	0.054	0.012	0.000	0.042
PON1	0.006	0.000	0.000	0.006	-	-	3.31694231841304	0.065	0.012	0.000	0.060
CDKN1C	0.006	0.000	0.006	0.000	-	-	3.31694231841304	0.018	0.000	0.018	0.000
TNFRSF1A	0.006	0.006	0.000	0.000	-	-	3.07593403073723	0.024	0.018	0.000	0.006
FOXM1	0.018	0.012	0.000	0.006	-	-	3.0148271811491	0.030	0.012	0.006	0.012
TAF1L	0.006	0.006	0.000	0.000	-	-	2.95357554230515	0.071	0.060	0.000	0.012
ZMIZ2	0.006	0.006	0.000	0.000	-	-	2.79707646302104	0.060	0.036	0.000	0.024
TRPC3	0.006	0.006	0.000	0.000	-	-	2.79707646302104	0.042	0.042	0.000	0.000
ROBO1	0.006	0.006	0.000	0.000	-	-	2.69255237610981	0.101	0.089	0.006	0.006
COL4A3	0.006	0.006	0.000	0.000	-	-	2.61073411787646	0.030	0.030	0.000	0.000
ADAMTS5	0.006	0.000	0.006	0.000	-	-	2.43317910191235	0.077	0.065	0.012	0.000
PIP4K2A	0.006	0.000	0.000	0.006	-	-	2.00800377316059	0.030	0.012	0.000	0.018
UNC5A	0.006	0.006	0.000	0.000	-	-	1.61359153693058	0.054	0.030	0.012	0.012
SYK	0.012	0.006	0.000	0.006	CC	-	1.34103927409288	0.042	0.030	0.006	0.006
INSRR	0.012	0.006	0.000	0.006	-	-	1.29581336298065	0.024	0.012	0.000	0.012
TMOD1	0.006	0.000	0.000	0.006	-	-	1.28617056743988	0.024	0.006	0.012	0.006
HAX1	0.006	0.000	0.000	0.006	-	-	1.28617056743988	0.018	0.006	0.000	0.012
NCAN	0.006	0.006	0.000	0.000	-	-	1.12917365321108	0.077	0.071	0.000	0.006
MITF	0.006	0.000	0.000	0.006	CC	-	1.12917365321108	0.036	0.024	0.000	0.012
ABCC9	0.101	0.089	0.000	0.012	-	-	0.760801732128756	0.131	0.107	0.012	0.012
FMN2	0.125	0.101	0.006	0.018	-	-	0.7339206452108	0.125	0.101	0.006	0.018
TNC	0.012	0.012	0.000	0.000	-	-	0.688069308965726	0.089	0.071	0.000	0.018
PCDHB10	0.006	0.006	0.000	0.000	-	-	0.662649778845839	0.042	0.042	0.000	0.006
CDH19	0.006	0.006	0.000	0.000	-	-	0.64592190955778	0.036	0.024	0.012	0.000
DTNA	0.012	0.006	0.000	0.006	-	-	0.563265761712994	0.060	0.024	0.012	0.024
EPHA3	0.018	0.018	0.000	0.000	-	-	0.553080666819602	0.071	0.065	0.000	0.006
TSTA3	0.095	0.030	0.006	0.060	-	-	0.544445150320143	0.101	0.030	0.006	0.065
HOXD4	0.006	0.006	0.000	0.000	-	-	0.525288316744396	0.042	0.030	0.012	0.000
FOXP4	0.054	0.012	0.000	0.042	-	-	0.505161034609784	0.060	0.012	0.000	0.048
PAPPA2	0.036	0.030	0.000	0.006	-	-	0.453991217983789	0.054	0.048	0.000	0.006
EBF3	0.042	0.018	0.006	0.018	-	-	0.446012341663222	0.065	0.036	0.006	0.024
ODZ1	0.083	0.083	0.000	0.000	-	-	0.445456675863516	0.125	0.125	0.000	0.000
FOXP2	0.048	0.018	0.000	0.030	-	-	0.418946149916622	0.071	0.042	0.000	0.030
GMDS	0.071	0.006	0.065	0.000	-	-	0.415040454013757	0.095	0.006	0.083	0.006
CDH8	0.006	0.006	0.000	0.000	-	-	0.403525320504285	0.083	0.065	0.018	0.000
SCML2	0.006	0.006	0.000	0.000	-	-	0.387828427994871	0.048	0.018	0.024	0.006
CYC1	0.006	0.000	0.000	0.006	-	-	0.384602358237203	0.065	0.000	0.000	0.065
ZNF423	0.036	0.024	0.012	0.000	-	-	0.374384020186704	0.054	0.042	0.012	0.000
FOXP1	0.048	0.018	0.024	0.006	CC	-	0.363826788768227	0.060	0.024	0.024	0.012
KLHL9	0.060	0.000	0.060	0.000	-	-	0.347186824679496	0.083	0.018	0.065	0.000
CNTN4	0.060	0.036	0.024	0.000	-	-	0.33752098880106	0.107	0.065	0.036	0.006
PCDHB8	0.006	0.006	0.000	0.000	-	-	0.328573180502548	0.083	0.077	0.000	0.006
POLD4	0.018	0.000	0.000	0.018	-	-	0.328002371413135	0.036	0.000	0.006	0.030
KRT14	0.065	0.012	0.000	0.054	-	-	0.323559552526684	0.065	0.012	0.000	0.054
JPH2	0.036	0.006	0.000	0.030	-	-	0.323524852414663	0.065	0.018	0.000	0.048
CELSR3	0.006	0.006	0.000	0.000	-	-	0.314445509162296	0.119	0.101	0.018	0.000
EBF1	0.036	0.030	0.006	0.000	CC	-	0.312358772839837	0.048	0.042	0.006	0.000
EED	0.018	0.000	0.000	0.018	-	-	0.305156007915635	0.018	0.000	0.000	0.018
SVIL	0.071	0.048	0.006	0.018	-	-	0.297396118539776	0.083	0.060	0.006	0.018
MEF2C	0.006	0.006	0.000	0.000	-	-	0.294111327648752	0.030	0.012	0.018	0.000
IGFBP4	0.024	0.000	0.000	0.024	-	-	0.294052430485888	0.065	0.006	0.000	0.060
EBF2	0.024	0.006	0.018	0.000	-	-	0.280704066768325	0.060	0.036	0.024	0.000
PCDHA13	0.006	0.006	0.000	0.000	-	-	0.27603394352533	0.065	0.065	0.000	0.006
ZFHX4	0.065	0.036	0.000	0.036	-	-	0.263976212177439	0.202	0.155	0.006	0.048
KCND2	0.012	0.012	0.000	0.000	-	-	0.26199205858176	0.077	0.054	0.000	0.024
MNDA	0.006	0.006	0.000	0.000	-	-	0.252106417750723	0.054	0.042	0.000	0.012
KIF2B	0.101	0.089	0.000	0.012	-	-	0.249882746725684	0.125	0.113	0.000	0.012
GFM1	0.036	0.018	0.000	0.018	-	-	0.246335891299344	0.065	0.018	0.006	0.042
SSH2	0.018	0.018	0.000	0.000	-	-	0.244818849081572	0.071	0.060	0.006	0.006
ADRBK1	0.042	0.006	0.006	0.030	-	-	0.24068283280843	0.060	0.024	0.006	0.030
JPH1	0.024	0.000	0.006	0.018	-	-	0.238645284747501	0.065	0.024	0.006	0.042
PRSS3	0.006	0.000	0.000	0.006	-	-	0.237146443838179	0.030	0.012	0.000	0.018
PCDH19	0.006	0.006	0.000	0.000	-	-	0.233349565922468	0.095	0.095	0.000	0.000
PEG3	0.042	0.036	0.000	0.006	-	-	0.221573047290882	0.113	0.107	0.000	0.006
QKI	0.006	0.000	0.006	0.000	-	-	0.218770867061818	0.036	0.018	0.012	0.006
MARK3	0.006	0.006	0.000	0.000	-	-	0.214711594550375	0.018	0.018	0.000	0.000
HAP1	0.018	0.000	0.000	0.018	-	-	0.208916384003892	0.071	0.006	0.000	0.065
KCNQ5	0.030	0.018	0.000	0.012	-	-	0.20684831651865	0.095	0.071	0.006	0.018
RAD1	0.018	0.006	0.000	0.012	-	-	0.205546809819153	0.077	0.012	0.006	0.060
SALL1	0.042	0.042	0.000	0.000	-	-	0.204548146418628	0.089	0.077	0.012	0.000
TNKS	0.036	0.018	0.006	0.012	-	-	0.200509992974711	0.089	0.048	0.018	0.024
GRIK2	0.012	0.000	0.012	0.000	-	-	0.200346718478821	0.077	0.036	0.030	0.012
ITGB6	0.006	0.000	0.000	0.006	-	-	0.198852539620846	0.036	0.018	0.012	0.006
EFNA1	0.006	0.000	0.000	0.006	-	-	0.197238699300052	0.030	0.012	0.000	0.018
ACVR1B	0.024	0.018	0.006	0.000	-	PC	0.191083313694979	0.048	0.036	0.012	0.006
IGFBP3	0.018	0.006	0.000	0.012	-	-	0.18983466688167	0.042	0.018	0.000	0.024
CDH7	0.006	0.006	0.000	0.000	-	-	0.186609424042833	0.071	0.060	0.012	0.000
DTX2	0.048	0.012	0.006	0.030	-	-	0.185321792299575	0.071	0.024	0.006	0.042
MUC2	0.024	0.024	0.000	0.000	-	-	0.180309371842748	0.054	0.054	0.000	0.000
DST	0.065	0.065	0.000	0.000	-	-	0.179934266137915	0.095	0.077	0.000	0.018
EPHA5	0.006	0.006	0.000	0.000	-	-	0.17618428454247	0.095	0.083	0.000	0.012
ADAP1	0.054	0.006	0.000	0.048	-	-	0.171329093329367	0.065	0.006	0.006	0.054
KIF21B	0.065	0.060	0.000	0.006	-	-	0.169481819653366	0.083	0.071	0.000	0.012
PHC3	0.006	0.000	0.000	0.006	-	-	0.165255804808307	0.089	0.006	0.006	0.077
LINGO1	0.006	0.000	0.000	0.006	-	-	0.162565127353726	0.036	0.024	0.000	0.018
ZWINT	0.024	0.024	0.000	0.000	-	-	0.161103106621069	0.042	0.030	0.000	0.012
DCLK1	0.036	0.036	0.000	0.006	-	-	0.160461481567212	0.071	0.060	0.000	0.018
ANGPTL1	0.018	0.006	0.006	0.006	-	-	0.154304834796677	0.036	0.012	0.006	0.018
PRDX1	0.006	0.000	0.000	0.006	-	-	0.146039952502477	0.018	0.006	0.000	0.012
MAP3K13	0.006	0.000	0.000	0.006	-	-	0.146039952502477	0.083	0.036	0.000	0.048
EFNA2	0.006	0.000	0.006	0.000	-	-	0.143446982996207	0.030	0.006	0.018	0.006
DHFRL1	0.006	0.006	0.000	0.000	-	-	0.139303036337678	0.018	0.006	0.012	0.000
AGAP2	0.012	0.000	0.000	0.012	-	-	0.135405680217743	0.030	0.012	0.000	0.018
YEATS4	0.012	0.000	0.000	0.012	-	-	0.134946681909831	0.042	0.006	0.000	0.036
VARS	0.018	0.012	0.006	0.000	-	-	0.131519398499071	0.060	0.042	0.012	0.012
ARID2	0.042	0.018	0.024	0.000	CC	PC	0.13146794400405	0.095	0.060	0.024	0.012
FGF14	0.024	0.018	0.000	0.006	-	-	0.128617641312535	0.054	0.024	0.006	0.024
SKP2	0.024	0.000	0.000	0.024	-	-	0.128286995847836	0.101	0.018	0.006	0.077
FZR1	0.012	0.012	0.000	0.000	-	-	0.127793588491336	0.024	0.012	0.012	0.000
DNAJC3	0.006	0.006	0.000	0.000	-	-	0.126021706714257	0.048	0.018	0.000	0.030
CCNA1	0.006	0.006	0.000	0.000	-	-	0.125461382293079	0.048	0.030	0.000	0.018
FANCD2	0.006	0.006	0.000	0.000	CC	-	0.125348718688657	0.054	0.036	0.006	0.012
NR0B1	0.006	0.000	0.006	0.000	-	-	0.124468109616632	0.024	0.006	0.018	0.000
IGF1	0.006	0.000	0.006	0.000	-	-	0.122917859231673	0.024	0.018	0.006	0.000
GABPB1	0.012	0.006	0.006	0.000	-	-	0.122831479009335	0.018	0.006	0.012	0.000
TFAP2C	0.036	0.006	0.000	0.030	-	-	0.122443293967124	0.065	0.012	0.000	0.054
EEF1D	0.030	0.000	0.006	0.024	-	-	0.117430019048491	0.071	0.000	0.006	0.065
TAF4	0.012	0.006	0.000	0.006	-	-	0.117167453613437	0.119	0.054	0.006	0.060
TOP2A	0.006	0.000	0.000	0.006	-	-	0.115489748555546	0.065	0.006	0.000	0.060
NR4A1	0.012	0.006	0.006	0.000	-	-	0.1135309494498	0.036	0.018	0.012	0.006
ETV5	0.042	0.006	0.000	0.036	CC	-	0.111695730998259	0.060	0.018	0.000	0.042
SSBP2	0.006	0.000	0.000	0.006	-	-	0.107865287163651	0.030	0.006	0.018	0.006
YES1	0.006	0.000	0.000	0.006	-	-	0.105426806026271	0.012	0.006	0.000	0.006
AQR	0.024	0.024	0.000	0.000	-	-	0.103353980331989	0.054	0.054	0.000	0.000
ZFPM2	0.018	0.006	0.000	0.012	-	-	0.102432963587495	0.101	0.054	0.000	0.054
DDIT3	0.006	0.000	0.000	0.006	CC	-	0.10237637919836	0.030	0.012	0.000	0.018
EEF1A2	0.024	0.000	0.000	0.024	-	-	0.101750355773299	0.083	0.018	0.006	0.060
BCR	0.012	0.006	0.000	0.006	CC	-	0.101579184992204	0.054	0.042	0.000	0.012
GPR124	0.048	0.036	0.012	0.000	-	-	0.101388704286352	0.054	0.042	0.012	0.000
MIB1	0.012	0.006	0.000	0.006	-	-	0.0989844686585449	0.083	0.024	0.006	0.054
GRIN2B	0.006	0.000	0.006	0.000	-	-	0.0980061727431905	0.071	0.065	0.006	0.000
POLD3	0.006	0.000	0.000	0.006	-	-	0.0921664999168	0.042	0.006	0.012	0.024
PPP2R5B	0.018	0.006	0.000	0.012	-	-	0.0916651044666439	0.048	0.030	0.006	0.012
EEF1B2	0.012	0.006	0.006	0.000	-	-	0.0897927484729303	0.012	0.006	0.006	0.000
ECH1	0.012	0.000	0.000	0.012	-	-	0.0885702115618435	0.024	0.000	0.000	0.024
TRIM37	0.006	0.000	0.000	0.006	-	-	0.0877249272069762	0.065	0.042	0.012	0.012
TFEC	0.030	0.018	0.000	0.012	-	-	0.0869672916613225	0.065	0.018	0.000	0.048
EPPK1	0.018	0.012	0.000	0.006	-	-	0.0860920757006581	0.137	0.071	0.000	0.065
RAD50	0.006	0.006	0.000	0.000	-	-	0.084935599203994	0.065	0.042	0.018	0.006
CORO2A	0.018	0.006	0.006	0.006	-	-	0.0846628787517533	0.024	0.012	0.006	0.006
NFATC3	0.006	0.006	0.000	0.000	-	-	0.0814789979856411	0.030	0.018	0.006	0.006
KIAA1543	0.036	0.036	0.000	0.000	-	-	0.0813670086046446	0.036	0.036	0.000	0.000
NOD1	0.006	0.006	0.000	0.000	-	-	0.0811451626304494	0.042	0.018	0.000	0.024
WRN	0.012	0.012	0.000	0.000	CC	PC	0.0808719921621066	0.071	0.054	0.012	0.006
STK24	0.006	0.000	0.000	0.006	-	-	0.0803391056470048	0.054	0.024	0.006	0.024
PJA2	0.006	0.000	0.006	0.000	-	-	0.0793056187774411	0.042	0.012	0.024	0.006
PSMC5	0.012	0.006	0.000	0.006	-	-	0.077916681031199	0.042	0.018	0.000	0.024
CR1	0.012	0.012	0.000	0.000	-	-	0.0777607110101998	0.101	0.083	0.000	0.024
NR4A3	0.012	0.012	0.000	0.000	CC	-	0.0773943844978698	0.036	0.024	0.006	0.006
GPNMB	0.024	0.012	0.000	0.012	-	-	0.0763296758015285	0.054	0.018	0.000	0.042
KCNJ8	0.012	0.012	0.000	0.000	-	-	0.0760658710970972	0.048	0.024	0.012	0.012
CNTN3	0.042	0.042	0.000	0.000	-	-	0.0758463127548042	0.089	0.077	0.006	0.006
CLK2	0.012	0.006	0.000	0.006	-	-	0.075020595922239	0.042	0.030	0.000	0.012
PTPRJ	0.030	0.018	0.000	0.012	-	-	0.0747926511492987	0.107	0.077	0.012	0.018
MINK1	0.006	0.006	0.000	0.000	-	-	0.0729516853541315	0.036	0.024	0.012	0.000
HSPA4L	0.006	0.006	0.000	0.000	-	-	0.0721024548717994	0.042	0.036	0.000	0.006
POLD1	0.006	0.006	0.000	0.000	-	-	0.0714478934618512	0.060	0.054	0.000	0.006
CACNA1D	0.006	0.000	0.006	0.000	-	-	0.0710063262158857	0.089	0.065	0.024	0.000
PAFAH1B2	0.006	0.000	0.000	0.006	CC	-	0.0706742551824857	0.024	0.006	0.006	0.012
SPTB	0.036	0.030	0.000	0.006	-	-	0.0705157171800257	0.071	0.065	0.000	0.006
REEP5	0.018	0.000	0.018	0.000	-	-	0.0696111301075859	0.048	0.012	0.030	0.006
CHD7	0.030	0.006	0.006	0.018	-	-	0.0691116178561002	0.125	0.071	0.018	0.036
GRM2	0.042	0.042	0.000	0.000	-	-	0.0687536416338376	0.083	0.065	0.018	0.000
INHBA	0.018	0.006	0.000	0.012	-	-	0.0687036489183955	0.054	0.030	0.000	0.024
MYST2	0.006	0.006	0.000	0.000	-	-	0.0683553758866524	0.012	0.012	0.000	0.000
CTSB	0.006	0.000	0.000	0.006	-	-	0.0681377030031458	0.060	0.000	0.018	0.042
PPP2R5A	0.006	0.000	0.000	0.006	-	-	0.0670425454804405	0.054	0.024	0.012	0.018
PKIA	0.018	0.000	0.000	0.018	-	-	0.0667636853461576	0.036	0.000	0.000	0.036
ZMAT3	0.012	0.006	0.000	0.006	-	-	0.0653911482637087	0.083	0.024	0.000	0.060
IGFBP5	0.012	0.012	0.000	0.000	-	-	0.0639714506182443	0.018	0.018	0.000	0.000
PDLIM4	0.006	0.006	0.000	0.000	-	-	0.0625325144021256	0.054	0.024	0.024	0.006
HDAC7	0.018	0.012	0.006	0.000	-	-	0.0623591190172204	0.042	0.030	0.012	0.000
CEP63	0.012	0.012	0.000	0.000	-	-	0.0621075911428033	0.030	0.024	0.000	0.006
PIR	0.006	0.000	0.006	0.000	-	-	0.0611939367433667	0.036	0.006	0.024	0.006
APLP1	0.012	0.006	0.000	0.006	-	-	0.0602356821481061	0.065	0.036	0.006	0.024
DTX3	0.018	0.000	0.000	0.018	-	-	0.0602257640496254	0.024	0.006	0.000	0.018
ATP8B4	0.006	0.006	0.000	0.000	-	-	0.0594973494050028	0.060	0.042	0.018	0.000
PTPN13	0.018	0.018	0.000	0.000	-	-	0.0591647322990086	0.071	0.065	0.006	0.000
KIF2A	0.024	0.018	0.006	0.000	-	-	0.0584370050681819	0.042	0.024	0.018	0.000
YBX1	0.018	0.006	0.006	0.006	-	-	0.0581617773531985	0.024	0.012	0.006	0.006
MORF4L1	0.006	0.006	0.000	0.000	-	-	0.0580824170476802	0.036	0.018	0.000	0.018
NDN	0.012	0.012	0.000	0.000	-	-	0.0577194232012335	0.042	0.036	0.006	0.000
ODC1	0.012	0.012	0.000	0.000	-	-	0.0570655153539039	0.018	0.012	0.000	0.006
RPS3A	0.006	0.006	0.000	0.000	-	-	0.0566819981779063	0.024	0.012	0.000	0.012
NGEF	0.006	0.000	0.006	0.000	-	-	0.0559755902199333	0.024	0.018	0.006	0.000
FGF13	0.018	0.006	0.000	0.012	-	-	0.0557204705072279	0.054	0.036	0.006	0.012
RASD2	0.012	0.006	0.006	0.000	-	-	0.0550806368486858	0.030	0.024	0.006	0.000
HTRA1	0.006	0.000	0.000	0.006	-	-	0.0543801449897904	0.077	0.036	0.006	0.036
HUWE1	0.012	0.006	0.000	0.006	-	PC	0.0523924894400557	0.095	0.077	0.012	0.006
RORA	0.006	0.006	0.000	0.000	-	-	0.0522217952234815	0.036	0.024	0.006	0.006
SPOP	0.012	0.000	0.006	0.006	-	PC	0.0510831226590384	0.024	0.006	0.006	0.012
DTNB	0.006	0.006	0.000	0.000	-	-	0.0505296488516573	0.030	0.018	0.000	0.012
FHL1	0.006	0.000	0.000	0.006	-	-	0.0501732328707661	0.012	0.000	0.000	0.012
PAPPA	0.006	0.006	0.000	0.000	-	-	0.0499822831212606	0.077	0.065	0.000	0.012
DLL1	0.006	0.006	0.000	0.000	-	-	0.0497621688925087	0.060	0.048	0.006	0.006
FAF1	0.012	0.012	0.000	0.000	-	-	0.049750307214398	0.054	0.036	0.018	0.000
POLR2F	0.006	0.006	0.000	0.000	-	-	0.0491090468736791	0.006	0.006	0.000	0.000
PPP2R5C	0.006	0.006	0.000	0.000	-	-	0.0490787517345395	0.024	0.024	0.000	0.000
EPB41L1	0.006	0.006	0.000	0.000	-	-	0.0481860845677987	0.042	0.030	0.000	0.012
PSMC1	0.012	0.012	0.000	0.000	-	-	0.0462878710935141	0.036	0.036	0.000	0.000
ANTXR1	0.012	0.012	0.000	0.000	-	-	0.0457917457377751	0.030	0.030	0.000	0.000
TNFRSF6B	0.006	0.000	0.000	0.006	-	-	0.0454882579815146	0.065	0.000	0.006	0.060
ADRB2	0.006	0.006	0.000	0.000	-	-	0.0454761823091228	0.030	0.030	0.000	0.000
ANXA1	0.006	0.006	0.000	0.000	-	-	0.0454071130083868	0.018	0.006	0.012	0.000
BAI1	0.012	0.006	0.000	0.006	-	-	0.0448622029822176	0.101	0.042	0.000	0.065
STEAP3	0.012	0.012	0.000	0.000	-	-	0.0448034761147204	0.018	0.012	0.000	0.006
PAX5	0.006	0.000	0.000	0.006	CC	-	0.0443130379556689	0.012	0.000	0.006	0.006
SCN8A	0.006	0.000	0.000	0.006	-	-	0.0441067037040313	0.030	0.018	0.012	0.006
WNT1	0.012	0.006	0.006	0.000	-	-	0.0439485881392433	0.042	0.030	0.012	0.000
PARP1	0.012	0.012	0.000	0.000	-	-	0.0438258668996685	0.036	0.024	0.000	0.012
ME2	0.024	0.000	0.024	0.000	-	-	0.0432317864091	0.065	0.018	0.048	0.000
UBR5	0.006	0.000	0.000	0.006	-	-	0.0432015985518541	0.101	0.054	0.000	0.054
MED15	0.012	0.006	0.000	0.006	-	-	0.0425679746722188	0.030	0.024	0.000	0.006
OBSCN	0.012	0.012	0.000	0.000	-	-	0.0423636959942415	0.155	0.137	0.006	0.012
TFR2	0.006	0.000	0.000	0.006	-	-	0.0410399880236286	0.048	0.006	0.000	0.042
KIF2C	0.006	0.006	0.000	0.000	-	-	0.0407132850981861	0.024	0.018	0.000	0.006
RFX4	0.012	0.006	0.000	0.006	-	-	0.0405553552009865	0.018	0.012	0.000	0.006
FZD6	0.012	0.000	0.000	0.012	-	-	0.0403625241062518	0.065	0.012	0.000	0.054
TNXB	0.006	0.006	0.000	0.000	-	-	0.0399229970361829	0.107	0.083	0.012	0.012
RAD17	0.006	0.000	0.006	0.000	-	-	0.0397125660785115	0.048	0.024	0.018	0.006
PYGO2	0.006	0.000	0.000	0.006	-	-	0.0391951109445024	0.018	0.006	0.000	0.012
CYLD	0.012	0.006	0.006	0.000	CC	PC	0.0385197459455938	0.071	0.060	0.012	0.000
ISLR	0.006	0.006	0.000	0.000	-	-	0.038127279378984	0.030	0.018	0.000	0.012
CRNKL1	0.018	0.006	0.000	0.012	-	-	0.0377149387613288	0.048	0.030	0.000	0.018
ALDH1A3	0.012	0.012	0.000	0.000	-	-	0.0375658020595746	0.054	0.018	0.000	0.036
CLK1	0.006	0.000	0.006	0.000	-	-	0.0372918392972436	0.012	0.006	0.006	0.000
E2F2	0.012	0.006	0.006	0.000	-	-	0.0371961205474734	0.018	0.012	0.006	0.000
NR3C2	0.018	0.006	0.000	0.012	-	-	0.0371344910950283	0.071	0.048	0.006	0.018
MCM7	0.006	0.000	0.000	0.006	-	-	0.0370993896735859	0.083	0.024	0.000	0.060
MPO	0.018	0.012	0.006	0.000	-	-	0.0370155635876356	0.042	0.024	0.012	0.006
ZNF165	0.006	0.006	0.000	0.000	-	-	0.0366650072274884	0.036	0.024	0.006	0.006
MYOM1	0.006	0.006	0.000	0.000	-	-	0.0364867760596617	0.036	0.036	0.000	0.000
SOCS4	0.006	0.000	0.000	0.006	-	-	0.0359833632100764	0.018	0.006	0.000	0.012
PLK4	0.006	0.000	0.000	0.006	-	-	0.0352114031617726	0.024	0.018	0.000	0.006
RPS6KA3	0.006	0.000	0.000	0.006	-	-	0.0351484941834569	0.060	0.018	0.030	0.012
PAFAH1B3	0.006	0.000	0.000	0.006	-	-	0.0348996160571552	0.018	0.006	0.006	0.006
CCND3	0.006	0.000	0.000	0.006	CC	-	0.0348380040630038	0.060	0.000	0.000	0.060
RAGE	0.006	0.006	0.000	0.000	-	-	0.034242981405778	0.006	0.006	0.000	0.000
H2AFZ	0.006	0.000	0.006	0.000	-	-	0.0340218628757118	0.012	0.006	0.006	0.000
KIF13B	0.012	0.006	0.006	0.000	-	-	0.0333232287220165	0.048	0.036	0.012	0.000
DTX4	0.012	0.012	0.000	0.000	-	-	0.0329285150831208	0.024	0.018	0.006	0.000
ADD2	0.006	0.006	0.000	0.000	-	-	0.0328781295050937	0.030	0.030	0.000	0.000
ACTL6B	0.006	0.000	0.000	0.006	-	-	0.0325152723781268	0.048	0.006	0.000	0.042
MCM5	0.006	0.006	0.000	0.000	-	-	0.0324671402701479	0.018	0.012	0.006	0.000
WWOX	0.024	0.000	0.024	0.000	-	-	0.0317106510009102	0.310	0.018	0.274	0.018
ETS2	0.006	0.006	0.000	0.000	-	-	0.0315328866040324	0.030	0.018	0.012	0.000
SMO	0.006	0.000	0.000	0.006	CC	-	0.031451575641925	0.042	0.030	0.000	0.012
ORC1L	0.012	0.012	0.000	0.000	-	-	0.0310765823229142	0.030	0.030	0.000	0.000
ECHS1	0.006	0.000	0.000	0.006	-	-	0.0310365630570373	0.042	0.000	0.012	0.030
MAP4	0.018	0.006	0.012	0.000	-	-	0.0305564098218816	0.030	0.012	0.018	0.000
IL20RA	0.006	0.000	0.000	0.006	-	-	0.0303744859795904	0.042	0.024	0.000	0.024
NMI	0.006	0.006	0.000	0.000	-	-	0.0302121905442145	0.012	0.006	0.006	0.000
CDK3	0.006	0.000	0.000	0.006	-	-	0.0299340235252352	0.006	0.000	0.000	0.006
GUCY2D	0.006	0.006	0.000	0.000	-	-	0.0297987729123418	0.065	0.054	0.012	0.000
DFFB	0.006	0.000	0.006	0.000	-	-	0.0297163436362247	0.048	0.018	0.024	0.012
EPHA4	0.006	0.006	0.000	0.000	-	-	0.0295582432651379	0.060	0.060	0.000	0.000
ZNF3	0.006	0.000	0.000	0.006	-	-	0.0292788937668774	0.077	0.012	0.000	0.065
APOE	0.006	0.000	0.000	0.006	-	-	0.0286890914013133	0.024	0.006	0.000	0.018
SUV39H2	0.006	0.000	0.000	0.006	-	-	0.0284081728381392	0.036	0.012	0.000	0.024
SUMO1	0.006	0.000	0.006	0.000	-	-	0.0279812573837771	0.006	0.000	0.006	0.000
APC2	0.012	0.006	0.006	0.000	-	-	0.0278275285229262	0.060	0.036	0.018	0.006
CCNH	0.006	0.000	0.006	0.000	-	-	0.0276703340113145	0.030	0.012	0.018	0.000
KPNA4	0.006	0.000	0.000	0.006	-	-	0.0275684463453825	0.048	0.000	0.006	0.042
ANTXR2	0.006	0.000	0.006	0.000	-	-	0.0275221186806982	0.036	0.018	0.006	0.012
OR10H3	0.006	0.000	0.000	0.006	-	-	0.0271021273940132	0.012	0.000	0.000	0.012
JMY	0.012	0.006	0.006	0.000	-	-	0.026980084091579	0.036	0.024	0.012	0.000
POT1	0.006	0.006	0.000	0.000	-	-	0.0267904153775095	0.042	0.024	0.006	0.012
TRIM24	0.006	0.006	0.000	0.000	-	-	0.0267420820676586	0.048	0.030	0.006	0.012
NUBP1	0.006	0.006	0.000	0.000	-	-	0.0259003133200379	0.012	0.006	0.000	0.006
LIG4	0.006	0.000	0.000	0.006	-	-	0.0253608593086675	0.048	0.024	0.000	0.030
UQCRQ	0.006	0.006	0.000	0.000	-	-	0.0251594636047954	0.030	0.006	0.018	0.006
SH3BGRL	0.006	0.006	0.000	0.000	-	-	0.0250381947551048	0.018	0.006	0.006	0.006
HIC1	0.012	0.012	0.000	0.000	-	-	0.0248882242471884	0.042	0.018	0.012	0.012
ETFB	0.006	0.006	0.000	0.000	-	-	0.024818904921372	0.012	0.006	0.000	0.006
POLR1D	0.006	0.000	0.000	0.006	-	-	0.0247852214416498	0.024	0.006	0.000	0.018
TES	0.006	0.000	0.000	0.006	-	-	0.0245792819391123	0.048	0.000	0.000	0.048
ZAP70	0.006	0.006	0.000	0.000	-	-	0.0244188625020924	0.060	0.054	0.000	0.006
TOPORS	0.006	0.006	0.000	0.000	-	-	0.0244092804395121	0.024	0.012	0.000	0.012
HOMER3	0.006	0.000	0.000	0.006	-	-	0.0242379661365955	0.006	0.000	0.000	0.006
CDK7	0.006	0.000	0.006	0.000	-	-	0.0237160323142693	0.024	0.000	0.018	0.006
LTBP1	0.012	0.012	0.000	0.000	-	-	0.0230544549785598	0.071	0.060	0.006	0.006
FER	0.012	0.000	0.012	0.000	-	-	0.0229741426235486	0.077	0.036	0.036	0.006
MED12	0.006	0.006	0.000	0.000	CC	PC	0.0223991091942145	0.054	0.048	0.000	0.006
HABP4	0.012	0.012	0.000	0.000	-	-	0.0221547878152045	0.030	0.012	0.012	0.006
RUNX1T1	0.006	0.006	0.000	0.000	-	-	0.0221314435562981	0.054	0.036	0.000	0.018
BTC	0.006	0.000	0.000	0.006	-	-	0.0221282799002918	0.012	0.000	0.000	0.012
NRBF2	0.006	0.006	0.000	0.000	-	-	0.0219554501433768	0.024	0.006	0.000	0.018
BRMS1	0.006	0.000	0.000	0.006	-	-	0.0215990396398105	0.036	0.012	0.006	0.018
RFX2	0.006	0.000	0.006	0.000	-	-	0.0215092577195779	0.042	0.030	0.006	0.006
PLEKHA7	0.006	0.000	0.000	0.006	-	-	0.0213848350833145	0.018	0.012	0.000	0.006
HFE	0.006	0.006	0.000	0.000	-	-	0.021224475096566	0.018	0.012	0.006	0.000
CABLES1	0.006	0.000	0.000	0.006	-	-	0.0207642751731434	0.060	0.006	0.018	0.036
VEGFC	0.006	0.006	0.000	0.000	-	-	0.0206808080171739	0.048	0.024	0.024	0.000
INPP5B	0.006	0.006	0.000	0.000	-	-	0.0206393601065655	0.036	0.024	0.000	0.012
GABBR2	0.012	0.012	0.000	0.000	-	-	0.0203152052015748	0.036	0.024	0.006	0.006
KRT5	0.006	0.000	0.006	0.000	-	-	0.0194769869130309	0.012	0.006	0.006	0.000
MED12L	0.006	0.000	0.000	0.006	-	-	0.0194398423544111	0.089	0.071	0.000	0.030
POU2F2	0.006	0.006	0.000	0.000	-	-	0.0193220193855057	0.036	0.024	0.006	0.006
TCF21	0.006	0.000	0.000	0.006	-	-	0.0192356591546248	0.048	0.024	0.006	0.018
PHF17	0.006	0.006	0.000	0.000	-	-	0.0188641172301037	0.024	0.012	0.000	0.012
GAK	0.012	0.000	0.012	0.000	-	-	0.0186138675517122	0.060	0.030	0.024	0.006
PLK2	0.006	0.000	0.006	0.000	-	-	0.0185654488261731	0.036	0.018	0.018	0.000
GRASP	0.006	0.000	0.000	0.006	-	-	0.0184267110233512	0.024	0.006	0.012	0.006
PLAGL1	0.006	0.000	0.000	0.006	-	-	0.0174335172329306	0.024	0.000	0.000	0.024
INPP5E	0.006	0.000	0.000	0.006	-	-	0.0171879265871111	0.048	0.030	0.000	0.018
COPS5	0.006	0.000	0.000	0.006	-	-	0.0171599186379079	0.065	0.012	0.000	0.054
COPS6	0.006	0.000	0.000	0.006	-	-	0.0171403725222208	0.065	0.006	0.000	0.060
MYH1	0.006	0.006	0.000	0.000	-	-	0.0168097903665212	0.095	0.083	0.018	0.000
XRCC4	0.006	0.006	0.000	0.000	-	-	0.0162992408897086	0.030	0.018	0.012	0.000
ARIH2	0.012	0.006	0.006	0.000	-	-	0.0161366348940602	0.054	0.030	0.018	0.006
ARHGEF5	0.006	0.006	0.000	0.000	-	-	0.0160591090265798	0.036	0.018	0.006	0.012
RAB23	0.006	0.000	0.000	0.006	-	-	0.0160311384351812	0.018	0.006	0.000	0.012
VAV3	0.006	0.006	0.000	0.000	-	-	0.0159652600414335	0.060	0.042	0.006	0.012
TBX18	0.006	0.006	0.000	0.000	-	-	0.0158103314893676	0.048	0.036	0.012	0.000
STMN1	0.006	0.000	0.006	0.000	-	-	0.0149178822292064	0.018	0.012	0.006	0.000
NSMAF	0.012	0.000	0.000	0.012	-	-	0.0148396244265037	0.054	0.012	0.006	0.036
MED13	0.006	0.000	0.000	0.006	-	PC	0.0147371672397969	0.071	0.054	0.000	0.024
SETD7	0.006	0.006	0.000	0.000	-	-	0.0146784313923205	0.018	0.006	0.000	0.012
IL12RB2	0.006	0.000	0.006	0.000	-	-	0.0143508081584089	0.042	0.024	0.012	0.006
ERCC5	0.012	0.012	0.000	0.000	CC	-	0.0141604971081861	0.065	0.048	0.000	0.018
KLHL13	0.006	0.006	0.000	0.000	-	-	0.0140500620006704	0.042	0.030	0.012	0.000
PPP1R7	0.012	0.006	0.006	0.000	-	-	0.0136125473955351	0.036	0.018	0.018	0.000
FANCI	0.006	0.006	0.000	0.000	-	-	0.0135718552870344	0.048	0.018	0.000	0.030
SESN1	0.006	0.000	0.006	0.000	-	-	0.0134344835078914	0.012	0.006	0.006	0.000
PRKD2	0.006	0.000	0.000	0.006	-	-	0.0133890655683528	0.071	0.054	0.000	0.018
IPO4	0.006	0.006	0.000	0.000	-	-	0.0133597688433317	0.042	0.024	0.012	0.006
RRN3	0.006	0.006	0.000	0.000	-	-	0.0133134783951933	0.018	0.012	0.000	0.006
DHFR	0.006	0.000	0.006	0.000	-	-	0.0130727688420486	0.012	0.000	0.012	0.000
TBXAS1	0.006	0.006	0.000	0.000	-	-	0.0129370767378377	0.030	0.012	0.006	0.012
TBX1	0.006	0.000	0.000	0.006	-	-	0.0122802016289914	0.012	0.006	0.000	0.006
BRCC3	0.006	0.000	0.000	0.006	-	-	0.0115660037077628	0.048	0.012	0.006	0.030
TP53RK	0.006	0.000	0.000	0.006	-	-	0.011327451650726	0.036	0.000	0.000	0.036
IL13RA2	0.006	0.006	0.000	0.000	-	-	0.0111427239672482	0.030	0.018	0.012	0.000
SHC4	0.006	0.000	0.006	0.000	-	-	0.0106632245649205	0.018	0.006	0.012	0.000
TAF10	0.006	0.006	0.000	0.000	-	-	0.0105131300899591	0.006	0.006	0.000	0.000
TOP1MT	0.006	0.000	0.006	0.000	-	-	0.0104854545456063	0.095	0.024	0.006	0.065
BCL2L2	0.006	0.000	0.006	0.000	-	-	0.010468792151661	0.024	0.006	0.012	0.006
AXIN2	0.006	0.006	0.000	0.000	-	PC	0.0101643169933348	0.036	0.018	0.000	0.018
SET	0.006	0.000	0.000	0.006	CC	-	0.0100732660995213	0.030	0.006	0.000	0.024
H2AFY	0.006	0.000	0.006	0.000	-	-	0.00963511947983452	0.030	0.006	0.018	0.006
BCL2L10	0.006	0.000	0.006	0.000	-	-	0.00952637485766476	0.006	0.000	0.006	0.000
CUL4A	0.006	0.006	0.000	0.000	-	-	0.00941487140669792	0.042	0.012	0.000	0.030
TNFRSF14	0.006	0.000	0.006	0.000	CC	-	0.00914167229238613	0.030	0.000	0.018	0.012
LDLR	0.006	0.000	0.000	0.006	-	-	0.00867238788860863	0.018	0.012	0.000	0.006
MYOM2	0.006	0.000	0.006	0.000	-	-	0.00859112564406625	0.107	0.071	0.030	0.006
BRD8	0.006	0.006	0.000	0.000	-	-	0.00825019541427554	0.054	0.036	0.012	0.006
CHD4	0.006	0.006	0.000	0.000	-	PC	0.00804428274793732	0.077	0.071	0.000	0.006
REXO2	0.006	0.006	0.000	0.000	-	-	0.00801946656638185	0.012	0.006	0.000	0.006
RIF1	0.006	0.006	0.000	0.000	-	-	0.00761673675520435	0.071	0.065	0.006	0.000
TP53INP1	0.006	0.000	0.000	0.006	-	-	0.00754616706860363	0.036	0.006	0.000	0.030
MED30	0.006	0.000	0.000	0.006	-	-	0.0075439903852269	0.054	0.000	0.000	0.054
RASA2	0.006	0.006	0.000	0.000	-	-	0.00749925234595375	0.024	0.012	0.000	0.012
PBRM1	0.006	0.000	0.000	0.006	CC	PC	0.00745553512592399	0.077	0.054	0.018	0.006
TFEB	0.006	0.000	0.000	0.006	CC	-	0.00735589431695518	0.054	0.006	0.000	0.048
MYH4	0.006	0.006	0.000	0.000	-	-	0.0072484178770178	0.071	0.054	0.018	0.000
MEF2D	0.006	0.000	0.000	0.006	-	-	0.00720231039318934	0.030	0.018	0.000	0.012
GTF2H4	0.006	0.006	0.000	0.000	-	-	0.00719857794752405	0.042	0.018	0.012	0.012
SUMO3	0.006	0.006	0.000	0.000	-	-	0.00701165114496619	0.024	0.006	0.018	0.000
RFX1	0.006	0.006	0.000	0.000	-	-	0.00677353635114714	0.024	0.018	0.006	0.000
HMGN2	0.006	0.000	0.006	0.000	-	-	0.00671804482564208	0.024	0.006	0.018	0.000
EVPL	0.006	0.006	0.000	0.000	-	-	0.00671704239511583	0.077	0.065	0.000	0.012
BRWD1	0.006	0.006	0.000	0.000	-	-	0.00662450631622131	0.089	0.077	0.012	0.000
PRDX3	0.006	0.000	0.000	0.006	-	-	0.00651946528090089	0.024	0.006	0.000	0.018
CDC26	0.006	0.000	0.000	0.006	-	-	0.00647084192293613	0.012	0.000	0.000	0.012
PPP6C	0.006	0.006	0.000	0.000	-	-	0.00644898645005434	0.030	0.018	0.000	0.012
POLR1A	0.006	0.006	0.000	0.000	-	-	0.00617838087375083	0.060	0.060	0.000	0.000
UBTF	0.006	0.006	0.000	0.000	-	-	0.00601617781856917	0.048	0.030	0.006	0.012
