GENE	DRIVER_FREQUENCY	DRIVER_SNV_FREQUENCY	DRIVER_DELTION_FREQUENCY	DRIVER_AMPLIFICATION_FREQUENCY	CANCER_CENSUS	PAN_CANCER	IMPACT	MUTATION_FREQUENCY	SNV_FREQUENCY	DELTION_FREQUENCY	AMPLIFICATION_FREQUENCY
APC	0.742	0.742	0.000	0.000	CC	PC	285.143198177265	0.742	0.742	0.000	0.000
TP53	0.545	0.545	0.000	0.000	CC	PC	234.788094166298	0.545	0.545	0.000	0.000
KRAS	0.429	0.429	0.000	0.000	CC	PC	167.378955765673	0.429	0.429	0.000	0.000
PIK3CA	0.283	0.283	0.000	0.000	CC	PC	116.379960408696	0.283	0.283	0.000	0.000
NEFH	0.338	0.338	0.000	0.000	-	-	113.901835820079	0.359	0.359	0.000	0.000
RYR2	0.222	0.222	0.000	0.000	-	-	80.5888267072218	0.222	0.222	0.000	0.000
LAMA5	0.157	0.157	0.000	0.000	-	-	76.8799008317465	0.157	0.157	0.000	0.000
CD24	0.177	0.000	0.177	0.000	-	-	76.5341481568454	0.409	0.005	0.409	0.000
AR	0.126	0.126	0.000	0.000	-	PC	68.2128177600251	0.126	0.126	0.000	0.000
TTN	0.313	0.313	0.000	0.000	-	-	68.2065959468614	0.510	0.510	0.000	0.000
GLI3	0.121	0.121	0.000	0.000	-	-	66.0364161978108	0.121	0.121	0.000	0.000
NCOR2	0.126	0.126	0.000	0.000	-	PC	65.9372335631754	0.126	0.126	0.000	0.000
TBP	0.172	0.172	0.000	0.000	-	-	65.7943369410204	0.172	0.172	0.000	0.000
ATM	0.116	0.116	0.000	0.000	CC	PC	62.9407195566439	0.136	0.136	0.000	0.000
LRP2	0.091	0.091	0.000	0.000	-	-	54.1667867350503	0.131	0.131	0.000	0.000
CACNA1B	0.126	0.126	0.000	0.000	-	-	48.7250187677144	0.197	0.197	0.000	0.000
SMAD4	0.126	0.126	0.000	0.000	-	PC	46.9879834350646	0.126	0.126	0.000	0.000
CTNNB1	0.081	0.081	0.000	0.000	CC	PC	43.9978122115845	0.081	0.081	0.000	0.000
RELN	0.081	0.081	0.000	0.000	-	-	41.0780085567897	0.106	0.106	0.000	0.000
RBMY1A1	0.242	0.000	0.242	0.000	-	-	40.9840935515263	0.414	0.000	0.414	0.000
VCAN	0.076	0.076	0.000	0.000	-	-	40.5279775255196	0.086	0.086	0.000	0.000
COL6A3	0.091	0.091	0.000	0.000	-	-	40.2431099888873	0.106	0.106	0.000	0.000
IRF5	0.136	0.136	0.000	0.000	-	-	39.1513219271881	0.242	0.242	0.000	0.000
HSPG2	0.071	0.071	0.000	0.000	-	-	37.1506979066234	0.081	0.081	0.000	0.000
DMD	0.081	0.081	0.000	0.000	-	PC	37.0991249095697	0.081	0.081	0.000	0.000
FN1	0.086	0.086	0.000	0.000	-	PC	36.6580650572395	0.091	0.091	0.000	0.000
ARID1A	0.066	0.066	0.000	0.000	CC	PC	36.0498307749127	0.136	0.136	0.000	0.000
ANK3	0.081	0.081	0.000	0.000	-	-	33.803765855115	0.116	0.116	0.000	0.000
CACNA1H	0.081	0.081	0.000	0.000	-	-	33.7965543194702	0.141	0.141	0.000	0.000
LAMA1	0.051	0.051	0.000	0.000	-	-	33.4976918758489	0.111	0.111	0.000	0.000
COL14A1	0.056	0.056	0.000	0.000	-	-	33.4059947233156	0.066	0.066	0.000	0.000
MYH9	0.056	0.056	0.000	0.000	CC	PC	33.0884034327612	0.076	0.076	0.000	0.000
TCF7L2	0.076	0.076	0.000	0.000	CC	PC	33.0302153192266	0.101	0.101	0.000	0.000
LAMC3	0.061	0.061	0.000	0.000	-	-	32.2027656343028	0.091	0.091	0.000	0.000
ROBO1	0.066	0.066	0.000	0.000	-	-	31.5684318611567	0.086	0.086	0.000	0.000
CELSR1	0.086	0.086	0.000	0.000	-	-	29.4969004490982	0.096	0.096	0.000	0.000
HTT	0.071	0.071	0.000	0.000	-	-	29.1409504678606	0.076	0.076	0.000	0.000
CREBBP	0.061	0.061	0.000	0.000	CC	-	28.7559936017349	0.061	0.061	0.000	0.000
TLN1	0.051	0.051	0.000	0.000	-	-	28.2928757216419	0.066	0.066	0.000	0.000
EGR1	0.035	0.035	0.000	0.000	-	-	27.7590049463029	0.035	0.035	0.000	0.000
ATXN1	0.076	0.076	0.000	0.000	-	-	27.6643116287139	0.197	0.197	0.000	0.000
BRAF	0.071	0.071	0.000	0.000	CC	PC	27.25943825591	0.141	0.141	0.000	0.000
RYR1	0.061	0.061	0.000	0.000	-	-	26.9905721064618	0.136	0.136	0.000	0.000
PIK3R1	0.045	0.045	0.000	0.000	CC	PC	26.6849703839429	0.051	0.051	0.000	0.000
NCOR1	0.061	0.061	0.000	0.000	-	PC	26.2074554282707	0.081	0.081	0.000	0.000
THBS2	0.045	0.045	0.000	0.000	-	-	25.9497941513308	0.051	0.051	0.000	0.000
PLXNB3	0.051	0.045	0.005	0.000	-	-	25.883395094831	0.101	0.096	0.005	0.000
NID1	0.051	0.051	0.000	0.000	-	-	25.6718997701842	0.061	0.061	0.000	0.000
RET	0.045	0.045	0.000	0.000	CC	-	25.0144970078832	0.061	0.061	0.000	0.000
EP400	0.040	0.040	0.000	0.000	-	-	24.6408449732337	0.096	0.096	0.000	0.000
MLLT4	0.040	0.040	0.000	0.000	CC	PC	24.5927302096707	0.045	0.045	0.000	0.000
ROBO3	0.056	0.056	0.000	0.000	-	-	23.7325717842542	0.071	0.071	0.000	0.000
SMAD3	0.040	0.040	0.000	0.000	-	-	23.6040694689541	0.040	0.040	0.000	0.000
EP300	0.040	0.040	0.000	0.000	CC	PC	22.7051959793339	0.040	0.040	0.000	0.000
SCN5A	0.081	0.081	0.000	0.000	-	-	21.9449046506167	0.096	0.096	0.000	0.000
NOTCH1	0.035	0.035	0.000	0.000	CC	PC	21.8046204548426	0.040	0.040	0.000	0.000
ANK2	0.045	0.045	0.000	0.000	-	-	21.2202280982995	0.081	0.081	0.000	0.000
AKT1	0.035	0.035	0.000	0.000	CC	PC	21.1320312287667	0.035	0.035	0.000	0.000
FBN1	0.081	0.081	0.000	0.000	-	-	20.766466771675	0.096	0.096	0.000	0.000
IPO4	0.030	0.030	0.000	0.000	-	-	19.8059404841726	0.035	0.035	0.000	0.000
PTEN	0.040	0.040	0.000	0.000	CC	PC	19.6988805489537	0.081	0.081	0.000	0.000
IFI16	0.030	0.030	0.000	0.000	-	-	19.4683403545573	0.051	0.051	0.000	0.000
NRAS	0.035	0.035	0.000	0.000	CC	PC	19.4300247406502	0.035	0.035	0.000	0.000
NEFM	0.035	0.035	0.000	0.000	-	-	19.3333749372647	0.051	0.051	0.000	0.000
MAD1L1	0.040	0.040	0.000	0.000	-	-	19.1225793042938	0.056	0.056	0.000	0.000
IRS1	0.030	0.030	0.000	0.000	-	-	19.0192564114885	0.051	0.051	0.000	0.000
MAP1B	0.035	0.035	0.000	0.000	-	-	18.7795662059413	0.086	0.086	0.000	0.000
PIK3CG	0.035	0.035	0.000	0.000	-	PC	18.5302221029855	0.056	0.056	0.000	0.000
COL6A6	0.035	0.035	0.000	0.000	-	-	18.2750881986282	0.111	0.111	0.000	0.000
PLG	0.035	0.035	0.000	0.000	-	-	18.207002830862	0.045	0.045	0.000	0.000
BRCA2	0.030	0.030	0.000	0.000	CC	PC	18.1842015681081	0.081	0.081	0.000	0.000
NEB	0.096	0.096	0.000	0.000	-	PC	18.0511487927078	0.126	0.126	0.000	0.000
COL11A1	0.045	0.045	0.000	0.000	-	-	17.6570048960446	0.101	0.101	0.000	0.000
BRCA1	0.035	0.035	0.000	0.000	CC	PC	17.645728242397	0.040	0.040	0.000	0.000
PIK3CD	0.030	0.030	0.000	0.000	-	-	17.4035335454931	0.030	0.030	0.000	0.000
UTRN	0.051	0.051	0.000	0.000	-	-	17.389850370646	0.066	0.066	0.000	0.000
FANCM	0.025	0.025	0.000	0.000	-	-	17.3363333650245	0.071	0.071	0.000	0.000
KCNQ3	0.040	0.040	0.000	0.000	-	-	17.2763528574889	0.056	0.051	0.000	0.005
NOS1	0.025	0.025	0.000	0.000	-	-	17.1701121046441	0.056	0.056	0.000	0.000
GLI1	0.040	0.040	0.000	0.000	-	-	17.0755960799484	0.051	0.051	0.000	0.000
MED12	0.030	0.030	0.000	0.000	CC	PC	16.8256964854197	0.056	0.056	0.000	0.000
MLL	0.040	0.040	0.000	0.000	CC	PC	16.6298936621195	0.101	0.101	0.000	0.000
GRIN1	0.030	0.030	0.000	0.000	-	-	16.519487335502	0.035	0.035	0.000	0.000
FGFR3	0.025	0.025	0.000	0.000	CC	PC	16.4841849831797	0.056	0.056	0.000	0.000
ATR	0.045	0.045	0.000	0.000	-	PC	16.4749207839183	0.045	0.045	0.000	0.000
CRMP1	0.020	0.020	0.000	0.000	-	-	16.4494894970214	0.045	0.045	0.000	0.000
MAP2K4	0.045	0.045	0.000	0.000	CC	PC	16.3370515174718	0.045	0.045	0.000	0.000
CLASP1	0.030	0.030	0.000	0.000	-	-	16.2107034050402	0.040	0.040	0.000	0.000
PLCG2	0.030	0.030	0.000	0.000	-	-	16.2042431246347	0.051	0.051	0.000	0.000
E2F4	0.025	0.025	0.000	0.000	-	-	16.1562197376699	0.025	0.025	0.000	0.000
HLA-A	0.025	0.025	0.000	0.000	-	PC	16.053666495512	0.076	0.076	0.000	0.000
POLR2A	0.035	0.035	0.000	0.000	-	-	16.0329331715416	0.035	0.035	0.000	0.000
TNC	0.040	0.040	0.000	0.000	-	-	16.0281893637574	0.091	0.091	0.000	0.000
NOTCH3	0.061	0.061	0.000	0.000	-	-	16.0188279345204	0.066	0.066	0.000	0.000
PTK2	0.030	0.030	0.000	0.000	-	-	15.968658923325	0.040	0.040	0.000	0.000
ITGAL	0.020	0.020	0.000	0.000	-	-	15.9639452086519	0.051	0.051	0.000	0.000
PIP5K1C	0.030	0.030	0.000	0.000	-	-	15.9516697039719	0.045	0.045	0.000	0.000
ESR1	0.025	0.025	0.000	0.000	-	PC	15.8862905004022	0.035	0.035	0.000	0.000
RANBP2	0.030	0.030	0.000	0.000	-	PC	15.8045139871988	0.056	0.056	0.000	0.000
LIG4	0.025	0.025	0.000	0.000	-	-	15.5954443399697	0.045	0.045	0.000	0.000
TGFBR2	0.030	0.030	0.000	0.000	-	PC	15.3751384932265	0.051	0.051	0.000	0.000
RYR3	0.056	0.056	0.000	0.000	-	-	15.2925105313677	0.167	0.167	0.000	0.000
ERBB2	0.030	0.025	0.000	0.005	CC	PC	15.2573651292194	0.040	0.035	0.000	0.005
PSMB8	0.020	0.020	0.000	0.000	-	-	15.220150389989	0.030	0.030	0.000	0.000
CLSPN	0.025	0.025	0.000	0.000	-	-	15.0810473314604	0.045	0.045	0.000	0.000
GLIS3	0.035	0.035	0.000	0.000	-	-	15.0215281075129	0.066	0.066	0.000	0.000
ROBO2	0.040	0.040	0.000	0.000	-	-	15.0209771746099	0.106	0.106	0.000	0.000
GNAS	0.040	0.040	0.000	0.000	CC	PC	14.482169340821	0.086	0.086	0.000	0.000
TRPC6	0.035	0.035	0.000	0.000	-	-	14.3426836929911	0.056	0.056	0.000	0.000
PAX6	0.030	0.030	0.000	0.000	-	-	14.2567376322442	0.040	0.040	0.000	0.000
ITGAM	0.025	0.025	0.000	0.000	-	-	14.1980008900609	0.045	0.045	0.000	0.000
RARA	0.025	0.020	0.000	0.005	CC	-	14.0790583098911	0.030	0.025	0.000	0.005
COL5A2	0.020	0.020	0.000	0.000	-	-	14.0685486625319	0.051	0.051	0.000	0.000
COL18A1	0.051	0.051	0.000	0.000	-	PC	13.7338662418389	0.131	0.131	0.000	0.000
PDGFRA	0.030	0.030	0.000	0.000	CC	PC	13.727817394288	0.040	0.040	0.000	0.000
REV3L	0.020	0.020	0.000	0.000	-	-	13.6165248400455	0.086	0.086	0.000	0.000
IQGAP1	0.025	0.025	0.000	0.000	-	-	13.5902257687112	0.025	0.025	0.000	0.000
NUP214	0.025	0.025	0.000	0.000	CC	PC	13.4986014343726	0.035	0.035	0.000	0.000
TGFBR1	0.030	0.030	0.000	0.000	-	-	13.4481873777372	0.040	0.040	0.000	0.000
COL6A1	0.025	0.025	0.000	0.000	-	-	13.4232641175211	0.045	0.045	0.000	0.000
STAT5A	0.035	0.035	0.000	0.000	-	-	13.3552019887382	0.040	0.040	0.000	0.000
KLF1	0.035	0.035	0.000	0.000	-	-	13.3251446836311	0.051	0.051	0.000	0.000
SMAD1	0.020	0.020	0.000	0.000	-	-	13.318754480218	0.025	0.025	0.000	0.000
PLCG1	0.025	0.025	0.000	0.000	-	PC	13.1374172852552	0.045	0.045	0.000	0.000
CNTN2	0.030	0.030	0.000	0.000	-	-	13.1264318018998	0.045	0.045	0.000	0.000
PPARGC1A	0.025	0.025	0.000	0.000	-	-	13.0372675754803	0.045	0.045	0.000	0.000
PAPPA2	0.020	0.020	0.000	0.000	-	-	12.852288337014	0.086	0.086	0.000	0.000
SMAD9	0.025	0.025	0.000	0.000	-	-	12.8435993607054	0.025	0.025	0.000	0.000
CFTR	0.015	0.015	0.000	0.000	-	-	12.6070427459943	0.025	0.025	0.000	0.000
COL1A2	0.025	0.025	0.000	0.000	-	-	12.6005101032012	0.040	0.040	0.000	0.000
NUP153	0.015	0.015	0.000	0.000	-	-	12.585620757746	0.025	0.025	0.000	0.000
RELA	0.020	0.020	0.000	0.000	-	-	12.5624803501569	0.020	0.020	0.000	0.000
GRIN2A	0.015	0.015	0.000	0.000	-	-	12.5205062567747	0.066	0.066	0.000	0.000
ERCC2	0.051	0.051	0.000	0.000	CC	PC	12.4246622604786	0.066	0.066	0.000	0.000
MAPK8	0.025	0.025	0.000	0.000	-	-	12.3649735373397	0.025	0.025	0.000	0.000
PRKX	0.020	0.020	0.000	0.000	-	-	12.3523007931984	0.025	0.025	0.000	0.000
LRP1	0.020	0.020	0.000	0.000	-	-	12.1930432508534	0.081	0.081	0.000	0.000
COL5A1	0.030	0.030	0.000	0.000	-	-	12.1824260952375	0.086	0.086	0.000	0.000
KCNQ2	0.025	0.025	0.000	0.000	-	-	12.1383277844204	0.056	0.056	0.000	0.000
HIF1A	0.020	0.020	0.000	0.000	-	-	12.0781386351926	0.030	0.030	0.000	0.000
EPHA3	0.020	0.020	0.000	0.000	-	-	12.0669694873772	0.056	0.056	0.000	0.000
POLR3E	0.025	0.025	0.000	0.000	-	-	12.0482474126384	0.040	0.040	0.000	0.000
ATRX	0.020	0.020	0.000	0.000	CC	PC	12.0414598855802	0.076	0.076	0.000	0.000
EPHB1	0.035	0.035	0.000	0.000	-	-	11.9544082629045	0.061	0.061	0.000	0.000
COL4A5	0.025	0.025	0.000	0.000	-	-	11.8611393081815	0.045	0.045	0.000	0.000
TRPC4	0.030	0.030	0.000	0.000	-	-	11.8278222600261	0.056	0.056	0.000	0.000
MET	0.015	0.015	0.000	0.000	CC	-	11.7586538316053	0.035	0.035	0.000	0.000
STAT3	0.020	0.020	0.000	0.000	-	PC	11.6737494564451	0.020	0.020	0.000	0.000
RAD50	0.020	0.020	0.000	0.000	-	-	11.3240838706904	0.045	0.045	0.000	0.000
CASC5	0.025	0.025	0.000	0.000	-	-	11.2928983589816	0.071	0.071	0.000	0.000
CTBP1	0.015	0.015	0.000	0.000	-	-	11.2736150270083	0.020	0.020	0.000	0.000
FLNC	0.035	0.035	0.000	0.000	-	-	11.2549554333947	0.101	0.101	0.000	0.000
RING1	0.020	0.020	0.000	0.000	-	-	11.1897931577649	0.035	0.035	0.000	0.000
ABL1	0.015	0.015	0.000	0.000	CC	PC	11.1887803115867	0.030	0.030	0.000	0.000
RPS6KA1	0.015	0.015	0.000	0.000	-	-	11.1759411947836	0.045	0.045	0.000	0.000
PRKCB	0.025	0.025	0.000	0.000	-	-	11.1426412745743	0.045	0.045	0.000	0.000
ELMO1	0.015	0.015	0.000	0.000	-	-	11.0259315592185	0.056	0.056	0.000	0.000
IL2RG	0.020	0.020	0.000	0.000	-	-	10.8270630671499	0.040	0.040	0.000	0.000
ERBB4	0.015	0.015	0.000	0.000	-	-	10.7587019553925	0.061	0.061	0.000	0.000
SMARCA2	0.030	0.030	0.000	0.000	-	-	10.6426634966918	0.056	0.056	0.000	0.000
SUPT16H	0.025	0.025	0.000	0.000	-	-	10.5181940973626	0.045	0.045	0.000	0.000
BDP1	0.020	0.020	0.000	0.000	-	-	10.5059975792406	0.051	0.051	0.000	0.000
COL4A2	0.025	0.025	0.000	0.000	-	-	10.3288180249559	0.061	0.061	0.000	0.000
AMPH	0.015	0.015	0.000	0.000	-	PC	10.2438525382965	0.051	0.051	0.000	0.000
JAK1	0.015	0.015	0.000	0.000	CC	-	10.1893420771891	0.035	0.035	0.000	0.000
CASP8	0.025	0.025	0.000	0.000	-	PC	10.0798379029914	0.040	0.040	0.000	0.000
COL27A1	0.045	0.045	0.000	0.000	-	-	10.0195659429575	0.096	0.096	0.000	0.000
PAPPA	0.015	0.015	0.000	0.000	-	-	9.94659303367764	0.081	0.081	0.000	0.000
RIPK1	0.020	0.020	0.000	0.000	-	-	9.897592312045	0.025	0.025	0.000	0.000
GRIA2	0.030	0.030	0.000	0.000	-	-	9.87149340502896	0.061	0.061	0.000	0.000
PTK2B	0.020	0.020	0.000	0.000	-	-	9.81359158878572	0.045	0.045	0.000	0.000
THRA	0.010	0.005	0.000	0.005	-	-	9.78350953675455	0.020	0.015	0.000	0.005
TEK	0.015	0.015	0.000	0.000	-	-	9.69197038496669	0.051	0.051	0.000	0.000
APP	0.025	0.025	0.000	0.000	-	-	9.64431117936328	0.025	0.025	0.000	0.000
SP3	0.015	0.015	0.000	0.000	-	-	9.56893157534263	0.020	0.020	0.000	0.000
MCC	0.020	0.020	0.000	0.000	-	-	9.50584184427988	0.056	0.056	0.000	0.000
ITGB3	0.015	0.015	0.000	0.000	-	-	9.35352666532277	0.020	0.020	0.000	0.000
CTBP2	0.020	0.020	0.000	0.000	-	-	9.32436357515531	0.045	0.045	0.000	0.000
AKT3	0.015	0.015	0.000	0.000	-	-	9.24650222516994	0.025	0.025	0.000	0.000
NCOA6	0.025	0.025	0.000	0.000	-	-	9.17860897205009	0.051	0.051	0.000	0.000
SMAD2	0.020	0.020	0.000	0.000	-	PC	8.86295654527308	0.025	0.025	0.000	0.000
C5	0.015	0.015	0.000	0.000	-	-	8.80396739041069	0.035	0.035	0.000	0.000
PRKCG	0.015	0.015	0.000	0.000	-	-	8.7626742617904	0.030	0.030	0.000	0.000
CCNE1	0.015	0.015	0.000	0.000	CC	-	8.73346390772802	0.015	0.015	0.000	0.000
ITGB2	0.015	0.015	0.000	0.000	-	-	8.70796450941185	0.035	0.035	0.000	0.000
TOP1	0.015	0.015	0.000	0.000	CC	-	8.68616283879199	0.020	0.020	0.000	0.000
RBL2	0.015	0.015	0.000	0.000	-	-	8.67654077271222	0.020	0.020	0.000	0.000
RIMS2	0.030	0.030	0.000	0.000	-	-	8.60006511311898	0.096	0.096	0.000	0.000
COL5A3	0.020	0.020	0.000	0.000	-	-	8.54222069868602	0.086	0.086	0.000	0.000
LYN	0.010	0.010	0.000	0.000	-	PC	8.46290266373683	0.015	0.015	0.000	0.000
PAK4	0.010	0.010	0.000	0.000	-	-	8.44403923225585	0.030	0.030	0.000	0.000
NFATC1	0.025	0.025	0.000	0.000	-	-	8.42465335139105	0.045	0.045	0.000	0.000
MAPK6	0.015	0.015	0.000	0.000	-	-	8.38035569192085	0.025	0.025	0.000	0.000
MED13	0.020	0.020	0.000	0.000	-	PC	8.34098184791686	0.051	0.051	0.000	0.000
HCK	0.020	0.020	0.000	0.000	-	-	8.26068708869894	0.035	0.035	0.000	0.000
CDC23	0.010	0.010	0.000	0.000	-	-	8.2430802795446	0.015	0.015	0.000	0.000
MAP3K4	0.020	0.020	0.000	0.000	-	PC	8.2207926680417	0.061	0.061	0.000	0.000
CHD7	0.010	0.010	0.000	0.000	-	-	8.1805349431184	0.076	0.076	0.000	0.000
FGFR4	0.015	0.015	0.000	0.000	-	-	8.13729446017944	0.040	0.040	0.000	0.000
PAX8	0.015	0.015	0.000	0.000	CC	-	8.11817378421345	0.020	0.020	0.000	0.000
MAPK10	0.015	0.015	0.000	0.000	-	-	8.11317949069251	0.030	0.030	0.000	0.000
TJP2	0.040	0.040	0.000	0.000	-	PC	8.06654464059902	0.051	0.051	0.000	0.000
MYLK	0.045	0.045	0.000	0.000	-	-	8.02030647087076	0.056	0.056	0.000	0.000
IL6ST	0.015	0.015	0.000	0.000	CC	-	8.00485979073111	0.025	0.025	0.000	0.000
NSUN2	0.010	0.010	0.000	0.000	-	-	7.94522838984533	0.025	0.025	0.000	0.000
PRKACG	0.015	0.015	0.000	0.000	-	-	7.92179845743948	0.025	0.025	0.000	0.000
ITGB4	0.015	0.015	0.000	0.000	-	-	7.8957222485875	0.066	0.066	0.000	0.000
NTRK1	0.010	0.010	0.000	0.000	CC	-	7.87769836218475	0.025	0.025	0.000	0.000
MYBPC2	0.020	0.020	0.000	0.000	-	-	7.83843477335489	0.061	0.061	0.000	0.000
NCAM1	0.025	0.025	0.000	0.000	-	-	7.74533728140914	0.071	0.071	0.000	0.000
ITGA4	0.010	0.010	0.000	0.000	-	-	7.72160323371322	0.025	0.025	0.000	0.000
ZAP70	0.020	0.020	0.000	0.000	-	-	7.69776397549124	0.040	0.040	0.000	0.000
SMG5	0.015	0.015	0.000	0.000	-	-	7.60730867159128	0.020	0.020	0.000	0.000
RPA1	0.015	0.015	0.000	0.000	-	-	7.60423406222681	0.025	0.025	0.000	0.000
HCLS1	0.020	0.020	0.000	0.000	-	-	7.59972751609935	0.056	0.056	0.000	0.000
PLCE1	0.010	0.010	0.000	0.000	-	-	7.57299261714907	0.061	0.061	0.000	0.000
RAF1	0.020	0.020	0.000	0.000	CC	-	7.56315538541357	0.030	0.030	0.000	0.000
PTPN11	0.015	0.015	0.000	0.000	CC	PC	7.55712209694678	0.020	0.020	0.000	0.000
SMPD2	0.010	0.010	0.000	0.000	-	-	7.51742657126427	0.020	0.020	0.000	0.000
GRIK5	0.020	0.020	0.000	0.000	-	-	7.45555749566842	0.040	0.040	0.000	0.000
MAP3K5	0.015	0.015	0.000	0.000	-	-	7.40451388361826	0.040	0.040	0.000	0.000
MYO5A	0.020	0.020	0.000	0.000	-	-	7.40287544252009	0.045	0.045	0.000	0.000
DNM2	0.015	0.015	0.000	0.000	CC	-	7.39100783933381	0.035	0.035	0.000	0.000
PTPRS	0.061	0.061	0.000	0.000	-	-	7.38417971635652	0.096	0.096	0.000	0.000
ROCK1	0.010	0.010	0.000	0.000	-	-	7.26048159041818	0.040	0.040	0.000	0.000
CAD	0.015	0.015	0.000	0.000	-	PC	7.24433003825785	0.030	0.030	0.000	0.000
BMPR2	0.030	0.030	0.000	0.000	-	-	7.22755792414759	0.096	0.096	0.000	0.000
RB1CC1	0.015	0.015	0.000	0.000	-	-	7.2267767190144	0.056	0.051	0.000	0.005
PTRF	0.020	0.020	0.000	0.000	-	-	7.21214143748399	0.035	0.035	0.000	0.000
SIN3B	0.010	0.010	0.000	0.000	-	-	7.16889230615547	0.030	0.030	0.000	0.000
ERBB3	0.015	0.015	0.000	0.000	-	-	7.16833741331315	0.025	0.025	0.000	0.000
TYK2	0.010	0.010	0.000	0.000	-	-	7.11691304498331	0.030	0.030	0.000	0.000
GSN	0.010	0.010	0.000	0.000	-	-	7.10863119243135	0.015	0.015	0.000	0.000
INPPL1	0.010	0.010	0.000	0.000	-	-	7.04074580794429	0.025	0.025	0.000	0.000
IL12RB2	0.010	0.010	0.000	0.000	-	-	7.01823200456872	0.020	0.020	0.000	0.000
HDAC5	0.015	0.015	0.000	0.000	-	-	7.01000690612514	0.040	0.040	0.000	0.000
PAK2	0.010	0.010	0.000	0.000	-	-	6.99012299551353	0.020	0.020	0.000	0.000
UPF1	0.005	0.005	0.000	0.000	-	-	6.96616127314646	0.040	0.040	0.000	0.000
NRXN1	0.015	0.015	0.000	0.000	-	-	6.82330064362819	0.071	0.071	0.000	0.000
ITGAX	0.010	0.010	0.000	0.000	-	-	6.76681865368398	0.030	0.030	0.000	0.000
GRIK1	0.015	0.015	0.000	0.000	-	-	6.74155292116341	0.030	0.030	0.000	0.000
MAP3K10	0.015	0.015	0.000	0.000	-	-	6.7279551433686	0.035	0.035	0.000	0.000
PSMC5	0.010	0.010	0.000	0.000	-	-	6.63549133817412	0.015	0.015	0.000	0.000
SOS1	0.025	0.025	0.000	0.000	-	PC	6.62926918951892	0.030	0.030	0.000	0.000
NSMAF	0.010	0.010	0.000	0.000	-	-	6.52594736850785	0.040	0.040	0.000	0.000
SMC2	0.010	0.010	0.000	0.000	-	-	6.52310180965916	0.051	0.051	0.000	0.000
GUCY2F	0.035	0.035	0.000	0.000	-	-	6.51250921381445	0.040	0.040	0.000	0.000
VCAM1	0.015	0.015	0.000	0.000	-	-	6.48078114446991	0.020	0.020	0.000	0.000
IRS2	0.010	0.010	0.000	0.000	-	PC	6.43422590578569	0.045	0.045	0.000	0.000
POLE	0.035	0.035	0.000	0.000	-	-	6.39859152532195	0.086	0.086	0.000	0.000
TOP2A	0.010	0.010	0.000	0.000	-	-	6.38368095532383	0.020	0.020	0.000	0.000
FLT4	0.020	0.020	0.000	0.000	-	-	6.38293586721365	0.056	0.056	0.000	0.000
NOTCH2	0.010	0.010	0.000	0.000	CC	-	6.37696540461616	0.045	0.045	0.000	0.000
SIN3A	0.030	0.030	0.000	0.000	-	PC	6.3756866994492	0.056	0.056	0.000	0.000
SHC1	0.015	0.015	0.000	0.000	-	-	6.34068277145775	0.030	0.030	0.000	0.000
SPHK1	0.015	0.015	0.000	0.000	-	-	6.34037634834508	0.056	0.056	0.000	0.000
HOXB1	0.015	0.015	0.000	0.000	-	-	6.3234904839884	0.025	0.025	0.000	0.000
NCOA2	0.015	0.015	0.000	0.000	CC	-	6.31866738964813	0.051	0.051	0.000	0.000
MYC	0.010	0.005	0.000	0.005	CC	-	6.30224900816006	0.020	0.015	0.000	0.005
RASA1	0.025	0.025	0.000	0.000	-	PC	6.24882829620319	0.051	0.051	0.000	0.000
TFDP1	0.010	0.010	0.000	0.000	-	PC	6.1897087971534	0.015	0.015	0.000	0.000
BCLAF1	0.025	0.025	0.000	0.000	-	PC	6.13934136730035	0.040	0.040	0.000	0.000
WNK1	0.025	0.025	0.000	0.000	-	-	6.06958264252384	0.066	0.066	0.000	0.000
GFRA1	0.010	0.010	0.000	0.000	-	-	6.05543346349844	0.025	0.025	0.000	0.000
SLA	0.010	0.005	0.000	0.005	-	-	5.96394817832369	0.020	0.015	0.000	0.005
LAMA4	0.015	0.015	0.000	0.000	-	-	5.93589543305678	0.071	0.071	0.000	0.000
ANAPC7	0.015	0.015	0.000	0.000	-	-	5.93209306273643	0.020	0.020	0.000	0.000
MME	0.010	0.010	0.000	0.000	-	-	5.89140824518012	0.035	0.035	0.000	0.000
GRIK3	0.015	0.015	0.000	0.000	-	-	5.88512967059893	0.040	0.040	0.000	0.000
GRIN3A	0.020	0.020	0.000	0.000	-	-	5.87649237664509	0.045	0.045	0.000	0.000
TFAP2B	0.010	0.010	0.000	0.000	-	-	5.85906360891535	0.025	0.025	0.000	0.000
VAV2	0.010	0.010	0.000	0.000	-	-	5.85304793308986	0.025	0.025	0.000	0.000
BCL6	0.010	0.010	0.000	0.000	CC	-	5.85304793308986	0.035	0.035	0.000	0.000
MYO1F	0.005	0.005	0.000	0.000	-	-	5.82233713902121	0.061	0.061	0.000	0.000
ITGA10	0.005	0.005	0.000	0.000	-	-	5.82233713902121	0.051	0.051	0.000	0.000
IL6	0.005	0.005	0.000	0.000	-	-	5.82233713902121	0.020	0.020	0.000	0.000
STAT4	0.005	0.005	0.000	0.000	-	-	5.81491570179182	0.030	0.030	0.000	0.000
LCP2	0.005	0.005	0.000	0.000	-	-	5.81491570179182	0.025	0.025	0.000	0.000
NPM1	0.010	0.010	0.000	0.000	CC	PC	5.79118293068066	0.010	0.010	0.000	0.000
MYOD1	0.010	0.010	0.000	0.000	-	-	5.74052710671738	0.015	0.015	0.000	0.000
MSH2	0.015	0.015	0.000	0.000	CC	-	5.73123923967281	0.035	0.035	0.000	0.000
TLE1	0.015	0.015	0.000	0.000	-	-	5.70813435860188	0.025	0.025	0.000	0.000
MTDH	0.010	0.010	0.000	0.000	-	-	5.7050581647343	0.051	0.051	0.000	0.000
MAP2K7	0.015	0.015	0.000	0.000	-	-	5.69227203978353	0.045	0.045	0.000	0.000
NUMB	0.015	0.015	0.000	0.000	-	-	5.62400931695531	0.025	0.025	0.000	0.000
GP6	0.020	0.020	0.000	0.000	-	-	5.58839484429093	0.045	0.045	0.000	0.000
PLXNA4	0.010	0.010	0.000	0.000	-	-	5.58431391780968	0.081	0.081	0.000	0.000
ACTG1	0.010	0.010	0.000	0.000	-	-	5.56972646524955	0.015	0.015	0.000	0.000
TCF3	0.015	0.015	0.000	0.000	CC	-	5.56369526403567	0.035	0.035	0.000	0.000
KIT	0.015	0.015	0.000	0.000	CC	PC	5.55539074969186	0.051	0.051	0.000	0.000
JAK3	0.015	0.015	0.000	0.000	CC	-	5.54120327437596	0.025	0.025	0.000	0.000
IL2RB	0.010	0.010	0.000	0.000	-	-	5.53752309461684	0.020	0.020	0.000	0.000
CSNK1G1	0.010	0.010	0.000	0.000	-	-	5.47925962229391	0.010	0.010	0.000	0.000
CDH2	0.015	0.015	0.000	0.000	-	-	5.45754149858695	0.056	0.056	0.000	0.000
MAPK12	0.010	0.010	0.000	0.000	-	-	5.45471250891872	0.015	0.015	0.000	0.000
TGIF1	0.051	0.051	0.000	0.000	-	PC	5.4482101258606	0.071	0.071	0.000	0.000
LAMA2	0.010	0.010	0.000	0.000	-	-	5.38644594557288	0.091	0.091	0.000	0.000
NGF	0.010	0.010	0.000	0.000	-	-	5.37558079068246	0.020	0.020	0.000	0.000
TNXB	0.091	0.091	0.000	0.000	-	-	5.35102102434613	0.126	0.126	0.000	0.000
SMARCA4	0.015	0.015	0.000	0.000	CC	PC	5.35072963543394	0.056	0.056	0.000	0.000
FGFR1	0.010	0.010	0.000	0.000	CC	-	5.33671458778016	0.035	0.035	0.000	0.000
CASK	0.015	0.015	0.000	0.000	-	-	5.3269568777897	0.020	0.020	0.000	0.000
L1CAM	0.005	0.005	0.000	0.000	-	-	5.30373317047303	0.020	0.020	0.000	0.000
ITGA3	0.005	0.005	0.000	0.000	-	-	5.30373317047303	0.035	0.035	0.000	0.000
GNB2	0.005	0.005	0.000	0.000	-	-	5.30373317047303	0.005	0.005	0.000	0.000
RFC1	0.010	0.010	0.000	0.000	-	-	5.30009636420484	0.035	0.035	0.000	0.000
AXIN1	0.010	0.010	0.000	0.000	-	-	5.27028255206204	0.025	0.025	0.000	0.000
COL4A1	0.015	0.015	0.000	0.000	-	-	5.18757415975494	0.045	0.045	0.000	0.000
TNFRSF10A	0.010	0.010	0.000	0.000	-	-	5.10935741821989	0.030	0.030	0.000	0.000
VAV1	0.015	0.015	0.000	0.000	-	-	5.10701544535763	0.020	0.020	0.000	0.000
CSF2RB	0.010	0.010	0.000	0.000	-	-	5.09560875196678	0.030	0.030	0.000	0.000
NCL	0.010	0.010	0.000	0.000	-	-	5.03683798881922	0.025	0.025	0.000	0.000
FMOD	0.010	0.010	0.000	0.000	-	-	5.02743300806846	0.025	0.025	0.000	0.000
TBX5	0.015	0.015	0.000	0.000	-	-	4.9952199438988	0.040	0.040	0.000	0.000
NUP98	0.010	0.010	0.000	0.000	CC	PC	4.97780302668096	0.035	0.035	0.000	0.000
FLNA	0.015	0.015	0.000	0.000	-	-	4.96759980057177	0.081	0.081	0.000	0.000
SPI1	0.010	0.010	0.000	0.000	-	-	4.95675717673747	0.010	0.010	0.000	0.000
SH2D3C	0.010	0.010	0.000	0.000	-	-	4.9462758757558	0.035	0.035	0.000	0.000
POLR1A	0.015	0.015	0.000	0.000	-	-	4.93256226902541	0.025	0.025	0.000	0.000
UBTF	0.005	0.005	0.000	0.000	-	-	4.92533656422698	0.015	0.015	0.000	0.000
LRP5	0.005	0.005	0.000	0.000	-	-	4.92533656422698	0.020	0.020	0.000	0.000
ABCE1	0.005	0.005	0.000	0.000	-	-	4.92533656422698	0.020	0.020	0.000	0.000
LPAR3	0.005	0.005	0.000	0.000	-	-	4.91398704614719	0.010	0.010	0.000	0.000
IL7R	0.005	0.005	0.000	0.000	CC	-	4.91398704614719	0.020	0.020	0.000	0.000
CCNB3	0.010	0.010	0.000	0.000	-	-	4.88022362978937	0.035	0.035	0.000	0.000
ADCY2	0.015	0.015	0.000	0.000	-	-	4.87887021906943	0.035	0.035	0.000	0.000
TCF4	0.010	0.010	0.000	0.000	-	-	4.86640503006588	0.025	0.025	0.000	0.000
TRIM22	0.005	0.005	0.000	0.000	-	-	4.85135248474937	0.015	0.015	0.000	0.000
NRG1	0.005	0.005	0.000	0.000	-	-	4.85135248474937	0.076	0.076	0.000	0.000
C3	0.015	0.015	0.000	0.000	-	-	4.82409377019705	0.040	0.040	0.000	0.000
ZNF408	0.010	0.010	0.000	0.000	-	-	4.81086250694654	0.020	0.020	0.000	0.000
PARP1	0.005	0.005	0.000	0.000	-	-	4.80499726443037	0.025	0.025	0.000	0.000
MAP2K1	0.005	0.005	0.000	0.000	-	-	4.80499726443037	0.025	0.025	0.000	0.000
GTF2B	0.005	0.005	0.000	0.000	-	-	4.80499726443037	0.005	0.005	0.000	0.000
LAMB4	0.015	0.015	0.000	0.000	-	-	4.79720050752784	0.035	0.035	0.000	0.000
BLM	0.015	0.015	0.000	0.000	CC	PC	4.76014753861083	0.035	0.035	0.000	0.000
MAP2	0.020	0.020	0.000	0.000	-	-	4.75587658340339	0.061	0.061	0.000	0.000
IPO5	0.020	0.020	0.000	0.000	-	-	4.75370588963711	0.020	0.020	0.000	0.000
GRIN2C	0.015	0.015	0.000	0.000	-	-	4.71432239708336	0.035	0.035	0.000	0.000
LAMB1	0.010	0.010	0.000	0.000	-	-	4.68810512133276	0.051	0.051	0.000	0.000
ARHGEF6	0.010	0.010	0.000	0.000	-	PC	4.67726963756754	0.040	0.040	0.000	0.000
MCM10	0.010	0.010	0.000	0.000	-	-	4.5984800937943	0.020	0.020	0.000	0.000
E2F3	0.010	0.010	0.000	0.000	-	-	4.52012514395147	0.015	0.015	0.000	0.000
SOCS3	0.010	0.010	0.000	0.000	-	-	4.51573110663277	0.025	0.025	0.000	0.000
KPNA6	0.020	0.020	0.000	0.000	-	-	4.47749194495682	0.020	0.020	0.000	0.000
MSN	0.010	0.010	0.000	0.000	CC	PC	4.45482065164166	0.020	0.020	0.000	0.000
ITGAV	0.010	0.010	0.000	0.000	-	-	4.44752441977409	0.040	0.040	0.000	0.000
S1PR1	0.005	0.005	0.000	0.000	-	-	4.44598330751912	0.020	0.020	0.000	0.000
CST7	0.005	0.005	0.000	0.000	-	-	4.44598330751912	0.010	0.005	0.000	0.005
MYH6	0.020	0.020	0.000	0.000	-	-	4.43730499248556	0.081	0.081	0.000	0.000
RB1	0.015	0.015	0.000	0.000	CC	PC	4.43200669574078	0.020	0.020	0.000	0.000
FLT1	0.010	0.010	0.000	0.000	-	-	4.4299949069413	0.035	0.035	0.000	0.000
FOXA2	0.010	0.005	0.000	0.005	-	PC	4.42667078710342	0.010	0.005	0.000	0.005
DAB1	0.010	0.010	0.000	0.000	-	-	4.39191329836058	0.025	0.025	0.000	0.000
XRCC1	0.005	0.005	0.000	0.000	-	-	4.38552455181227	0.035	0.035	0.000	0.000
C2	0.010	0.010	0.000	0.000	-	-	4.38063379822367	0.030	0.030	0.000	0.000
BMP2	0.010	0.010	0.000	0.000	-	-	4.3432723654298	0.025	0.025	0.000	0.000
FAS	0.010	0.010	0.000	0.000	-	-	4.31874087464149	0.025	0.025	0.000	0.000
HDAC9	0.010	0.010	0.000	0.000	-	-	4.30615034024166	0.066	0.066	0.000	0.000
ILF3	0.010	0.010	0.000	0.000	-	-	4.28249172135307	0.025	0.025	0.000	0.000
TRAF2	0.010	0.010	0.000	0.000	-	-	4.28172789137398	0.010	0.010	0.000	0.000
FGFR2	0.010	0.010	0.000	0.000	CC	PC	4.27246106386746	0.035	0.035	0.000	0.000
RAN	0.010	0.010	0.000	0.000	-	-	4.26521139921867	0.020	0.020	0.000	0.000
ADCY1	0.010	0.010	0.000	0.000	-	PC	4.26157124042811	0.045	0.045	0.000	0.000
RHOBTB2	0.005	0.005	0.000	0.000	-	-	4.25123051531427	0.010	0.010	0.000	0.000
PIK3C2B	0.005	0.005	0.000	0.000	-	-	4.25123051531427	0.061	0.061	0.000	0.000
GNG12	0.005	0.005	0.000	0.000	-	-	4.25123051531427	0.025	0.025	0.000	0.000
TBL1Y	0.030	0.000	0.030	0.000	-	-	4.24069506661458	0.384	0.000	0.384	0.000
MCM7	0.005	0.005	0.000	0.000	-	-	4.22362847099677	0.040	0.040	0.000	0.000
XIAP	0.010	0.010	0.000	0.000	-	-	4.2129588158197	0.035	0.035	0.000	0.000
IGF1R	0.010	0.010	0.000	0.000	-	-	4.20972027789085	0.030	0.030	0.000	0.000
AKAP9	0.010	0.010	0.000	0.000	CC	PC	4.19195540026371	0.116	0.116	0.000	0.000
PSMC4	0.005	0.005	0.000	0.000	-	-	4.17054830701795	0.015	0.015	0.000	0.000
POU2F1	0.005	0.005	0.000	0.000	-	-	4.17054830701795	0.010	0.010	0.000	0.000
MRC1	0.005	0.005	0.000	0.000	-	-	4.17054830701795	0.005	0.005	0.000	0.000
KPNA7	0.005	0.005	0.000	0.000	-	-	4.17054830701795	0.010	0.010	0.000	0.000
ADAM17	0.005	0.005	0.000	0.000	-	-	4.17054830701795	0.025	0.025	0.000	0.000
TCF7	0.010	0.010	0.000	0.000	-	PC	4.16513326574986	0.030	0.030	0.000	0.000
GUCY2D	0.020	0.020	0.000	0.000	-	-	4.16193502220288	0.056	0.056	0.000	0.000
ACAN	0.035	0.035	0.000	0.000	-	-	4.15924004326815	0.081	0.081	0.000	0.000
COL20A1	0.010	0.010	0.000	0.000	-	-	4.13506730206555	0.040	0.040	0.000	0.000
MED24	0.010	0.005	0.000	0.005	-	-	4.12387211722285	0.025	0.020	0.000	0.005
FBN2	0.030	0.030	0.000	0.000	-	PC	4.09762289211021	0.066	0.066	0.000	0.000
ACTA1	0.015	0.015	0.000	0.000	-	-	4.07148960708187	0.040	0.040	0.000	0.000
TUBB1	0.005	0.005	0.000	0.000	-	-	4.01945180854783	0.015	0.015	0.000	0.000
SFN	0.005	0.005	0.000	0.000	-	-	4.01945180854783	0.005	0.005	0.000	0.000
APOA1	0.005	0.005	0.000	0.000	-	-	4.01945180854783	0.005	0.005	0.000	0.000
CACNA2D3	0.010	0.010	0.000	0.000	-	-	4.01206178213416	0.056	0.056	0.000	0.000
SLC25A5	0.010	0.010	0.000	0.000	-	-	4.00643931795859	0.030	0.030	0.000	0.000
MYH3	0.015	0.015	0.000	0.000	-	-	3.99261706357015	0.076	0.076	0.000	0.000
TNN	0.005	0.005	0.000	0.000	-	-	3.96859383496274	0.056	0.056	0.000	0.000
RGS17	0.005	0.005	0.000	0.000	-	-	3.96859383496274	0.025	0.025	0.000	0.000
PSMD3	0.005	0.005	0.000	0.005	-	-	3.96859383496274	0.005	0.005	0.000	0.005
PLS3	0.005	0.005	0.000	0.000	-	-	3.96859383496274	0.010	0.010	0.000	0.000
NMT1	0.005	0.005	0.000	0.000	-	-	3.96859383496274	0.010	0.010	0.000	0.000
CDC6	0.005	0.000	0.000	0.005	-	-	3.96859383496274	0.005	0.000	0.000	0.005
C1S	0.005	0.005	0.000	0.000	-	-	3.96859383496274	0.045	0.045	0.000	0.000
RGS4	0.005	0.005	0.000	0.000	-	-	3.96838555344635	0.010	0.010	0.000	0.000
CHL1	0.010	0.010	0.000	0.000	-	-	3.92470023096019	0.061	0.061	0.000	0.000
YWHAH	0.005	0.005	0.000	0.000	-	-	3.88461632011795	0.005	0.005	0.000	0.000
PTPRM	0.005	0.005	0.000	0.000	-	-	3.88461632011795	0.051	0.051	0.000	0.000
IKZF3	0.005	0.005	0.000	0.000	-	-	3.88461632011795	0.005	0.005	0.000	0.000
DOCK2	0.005	0.005	0.000	0.000	-	PC	3.88461632011795	0.096	0.096	0.000	0.000
PLAT	0.005	0.005	0.000	0.000	-	-	3.8788394000921	0.025	0.020	0.000	0.005
HDAC6	0.005	0.005	0.000	0.000	-	-	3.8788394000921	0.015	0.015	0.000	0.000
CHUK	0.005	0.005	0.000	0.000	-	-	3.8788394000921	0.025	0.025	0.000	0.000
PBX2	0.010	0.010	0.000	0.000	-	-	3.84914291540883	0.010	0.010	0.000	0.000
KPNA1	0.010	0.010	0.000	0.000	-	-	3.84767929181938	0.015	0.015	0.000	0.000
STAB1	0.030	0.030	0.000	0.000	-	-	3.82980636460819	0.086	0.086	0.000	0.000
TNR	0.015	0.015	0.000	0.000	-	-	3.82015425570854	0.071	0.071	0.000	0.000
CSNK2A1	0.010	0.010	0.000	0.000	-	-	3.81127793088516	0.015	0.015	0.000	0.000
IHH	0.015	0.015	0.000	0.000	-	-	3.80996660135145	0.020	0.020	0.000	0.000
KIF3C	0.005	0.005	0.000	0.000	-	-	3.79169448018817	0.035	0.035	0.000	0.000
SCNN1B	0.015	0.015	0.000	0.000	-	-	3.79159788471497	0.030	0.030	0.000	0.000
GRIK4	0.010	0.010	0.000	0.000	-	-	3.77842533667848	0.045	0.045	0.000	0.000
SHH	0.005	0.005	0.000	0.000	-	-	3.76335745745508	0.010	0.010	0.000	0.000
HIST3H3	0.005	0.005	0.000	0.000	-	-	3.76335745745508	0.005	0.005	0.000	0.000
CHEK2	0.005	0.005	0.000	0.000	CC	PC	3.76335745745508	0.040	0.040	0.000	0.000
ESR2	0.010	0.010	0.000	0.000	-	-	3.75851837884388	0.020	0.020	0.000	0.000
COL12A1	0.010	0.010	0.000	0.000	-	-	3.74555914173072	0.121	0.121	0.000	0.000
DLG4	0.010	0.010	0.000	0.000	-	-	3.72941415353633	0.030	0.030	0.000	0.000
NR5A1	0.010	0.010	0.000	0.000	-	-	3.72888248780662	0.035	0.035	0.000	0.000
PWP1	0.010	0.010	0.000	0.000	-	-	3.72137784849976	0.015	0.015	0.000	0.000
PPFIA1	0.005	0.005	0.000	0.000	-	-	3.71988034281308	0.015	0.015	0.000	0.000
ARNTL2	0.005	0.005	0.000	0.000	-	-	3.71988034281308	0.025	0.025	0.000	0.000
TJP1	0.005	0.005	0.000	0.000	-	-	3.69415321705697	0.025	0.025	0.000	0.000
PTK6	0.005	0.005	0.000	0.000	-	-	3.69415321705697	0.010	0.010	0.000	0.000
ESRRA	0.005	0.005	0.000	0.000	-	-	3.6821505105219	0.020	0.020	0.000	0.000
PPFIA2	0.010	0.010	0.000	0.000	-	-	3.65398375993341	0.066	0.066	0.000	0.000
RHOT1	0.010	0.010	0.000	0.000	-	-	3.65199566334273	0.015	0.015	0.000	0.000
MICA	0.005	0.005	0.000	0.000	-	-	3.63864879832939	0.025	0.025	0.000	0.000
MADD	0.005	0.005	0.000	0.000	-	-	3.63864879832939	0.040	0.040	0.000	0.000
SF3B1	0.010	0.010	0.000	0.000	CC	PC	3.589727134487	0.035	0.035	0.000	0.000
ACLY	0.010	0.010	0.000	0.000	-	-	3.5858507187734	0.040	0.040	0.000	0.000
IL12RB1	0.010	0.010	0.000	0.000	-	-	3.5831498223156	0.020	0.020	0.000	0.000
PIP4K2A	0.010	0.010	0.000	0.000	-	-	3.5831108234183	0.035	0.035	0.000	0.000
SCN8A	0.010	0.010	0.000	0.000	-	-	3.57094433489416	0.040	0.040	0.000	0.000
APBA2	0.010	0.010	0.000	0.000	-	-	3.54379274652358	0.061	0.061	0.000	0.000
ATP2A3	0.005	0.005	0.000	0.000	-	-	3.53462257577974	0.035	0.035	0.000	0.000
CNTNAP4	0.010	0.010	0.000	0.000	-	-	3.52540630325312	0.076	0.076	0.000	0.000
KCNMA1	0.010	0.010	0.000	0.000	-	-	3.50778713967683	0.025	0.025	0.000	0.000
TAF1B	0.005	0.005	0.000	0.000	-	-	3.49797476271644	0.040	0.040	0.000	0.000
HLA-DQB1	0.005	0.005	0.000	0.000	-	-	3.49797476271644	0.015	0.015	0.000	0.000
WISP1	0.005	0.000	0.000	0.005	-	-	3.48856600568826	0.020	0.015	0.000	0.005
SCG3	0.005	0.005	0.000	0.000	-	-	3.48313590924548	0.020	0.020	0.000	0.000
DOK2	0.005	0.005	0.000	0.000	-	-	3.48313590924548	0.015	0.015	0.000	0.000
MAP3K2	0.010	0.010	0.000	0.000	-	-	3.48207780793817	0.025	0.025	0.000	0.000
PRKG2	0.005	0.005	0.000	0.000	-	-	3.46074715043016	0.025	0.025	0.000	0.000
GTF3C1	0.010	0.010	0.000	0.000	-	-	3.4544271552374	0.051	0.051	0.000	0.000
SLIT1	0.040	0.040	0.000	0.000	-	-	3.42751885335684	0.076	0.076	0.000	0.000
CENPF	0.010	0.010	0.000	0.000	-	-	3.40984415983592	0.056	0.056	0.000	0.000
SLC2A4	0.005	0.005	0.000	0.000	-	-	3.4020970096149	0.015	0.015	0.000	0.000
POLA2	0.005	0.005	0.000	0.000	-	-	3.4020970096149	0.015	0.015	0.000	0.000
CIITA	0.005	0.005	0.000	0.000	CC	-	3.4020970096149	0.030	0.030	0.000	0.000
PDGFRB	0.015	0.015	0.000	0.000	CC	-	3.39708051360491	0.035	0.035	0.000	0.000
PPARG	0.005	0.005	0.000	0.000	CC	-	3.3825661898932	0.005	0.005	0.000	0.000
MARK4	0.005	0.005	0.000	0.000	-	-	3.3825661898932	0.040	0.040	0.000	0.000
KRT2	0.030	0.030	0.000	0.000	-	-	3.37278574520031	0.061	0.061	0.000	0.000
AP2A1	0.010	0.010	0.000	0.000	-	-	3.36679422862366	0.020	0.020	0.000	0.000
HSP90B1	0.015	0.015	0.000	0.000	-	-	3.36239890984603	0.030	0.030	0.000	0.000
RAP2B	0.010	0.010	0.000	0.000	-	-	3.36146139100698	0.025	0.025	0.000	0.000
TNFRSF1A	0.005	0.005	0.000	0.000	-	-	3.34527373497627	0.015	0.015	0.000	0.000
RBM14	0.005	0.005	0.000	0.000	-	-	3.34527373497627	0.020	0.020	0.000	0.000
HLA-DRB1	0.005	0.005	0.000	0.000	-	-	3.34527373497627	0.025	0.025	0.000	0.000
ERG	0.005	0.005	0.000	0.000	CC	-	3.34527373497627	0.020	0.020	0.000	0.000
ADRBK1	0.005	0.005	0.000	0.000	-	-	3.34527373497627	0.015	0.015	0.000	0.000
ADCY7	0.010	0.010	0.000	0.000	-	-	3.32906831761281	0.020	0.020	0.000	0.000
RAC1	0.005	0.005	0.000	0.000	-	PC	3.32193665533067	0.010	0.010	0.000	0.000
NFATC2	0.005	0.005	0.000	0.000	-	-	3.32193665533067	0.020	0.020	0.000	0.000
NEDD4L	0.020	0.020	0.000	0.000	-	PC	3.29230730126092	0.030	0.030	0.000	0.000
NDN	0.005	0.005	0.000	0.000	-	-	3.29005290606338	0.010	0.010	0.000	0.000
HDAC1	0.005	0.005	0.000	0.000	-	-	3.29005290606338	0.005	0.005	0.000	0.000
CDH1	0.005	0.005	0.000	0.000	CC	PC	3.29005290606338	0.035	0.035	0.000	0.000
CDC16	0.005	0.005	0.000	0.000	-	-	3.29005290606338	0.010	0.010	0.000	0.000
COL7A1	0.010	0.010	0.000	0.000	-	-	3.28263257003814	0.106	0.106	0.000	0.000
SMARCD2	0.005	0.005	0.000	0.000	-	-	3.28180844490682	0.030	0.030	0.000	0.000
CENPI	0.005	0.005	0.000	0.000	-	-	3.28180844490682	0.020	0.020	0.000	0.000
RRAS	0.005	0.005	0.000	0.000	-	-	3.27274977226011	0.010	0.010	0.000	0.000
MAP3K1	0.005	0.005	0.000	0.000	-	PC	3.27274977226011	0.035	0.035	0.000	0.000
DNA2	0.005	0.005	0.000	0.000	-	-	3.27274977226011	0.020	0.020	0.000	0.000
NGFR	0.010	0.010	0.000	0.000	-	-	3.25021742237619	0.025	0.025	0.000	0.000
BMPR1A	0.010	0.010	0.000	0.000	CC	-	3.23563401543585	0.025	0.025	0.000	0.000
PPP1R12A	0.010	0.010	0.000	0.000	-	-	3.15568228788579	0.015	0.015	0.000	0.000
TFAP2A	0.005	0.005	0.000	0.000	-	-	3.14982417964342	0.010	0.010	0.000	0.000
SOCS4	0.010	0.010	0.000	0.000	-	-	3.14561504805188	0.015	0.015	0.000	0.000
CUBN	0.091	0.091	0.000	0.000	-	-	3.13004494796068	0.111	0.111	0.000	0.000
DSP	0.020	0.020	0.000	0.000	-	-	3.12823208951689	0.061	0.061	0.000	0.000
PLCB1	0.010	0.010	0.000	0.000	-	-	3.10927279311245	0.030	0.030	0.000	0.000
PGR	0.005	0.005	0.000	0.000	-	-	3.09994127182757	0.035	0.035	0.000	0.000
NR5A2	0.005	0.005	0.000	0.000	-	-	3.09387590509596	0.025	0.025	0.000	0.000
MXRA8	0.005	0.005	0.000	0.000	-	-	3.09387590509596	0.030	0.030	0.000	0.000
EIF4G1	0.005	0.005	0.000	0.000	-	-	3.09387590509596	0.020	0.020	0.000	0.000
GLI2	0.010	0.010	0.000	0.000	-	-	3.08984001377035	0.035	0.035	0.000	0.000
PLXND1	0.005	0.005	0.000	0.000	-	-	3.08895217080942	0.051	0.051	0.000	0.000
SUPT5H	0.005	0.005	0.000	0.000	-	-	3.07772524270832	0.020	0.020	0.000	0.000
RRM1	0.005	0.005	0.000	0.000	-	-	3.07772524270832	0.005	0.005	0.000	0.000
MYF6	0.005	0.005	0.000	0.000	-	-	3.07772524270832	0.020	0.020	0.000	0.000
SET	0.005	0.005	0.000	0.000	CC	-	3.07270109775438	0.010	0.010	0.000	0.000
FGF12	0.010	0.010	0.000	0.000	-	-	3.07083581273887	0.020	0.020	0.000	0.000
GRIK2	0.056	0.056	0.000	0.000	-	-	3.06637870488455	0.101	0.101	0.000	0.000
IKZF4	0.010	0.010	0.000	0.000	-	-	3.05886133300666	0.030	0.030	0.000	0.000
RPS6KA2	0.005	0.005	0.000	0.000	-	-	3.04693831087091	0.040	0.040	0.000	0.000
PLEK	0.005	0.005	0.000	0.000	-	-	3.04693831087091	0.035	0.035	0.000	0.000
DKC1	0.010	0.010	0.000	0.000	-	-	3.04256113222949	0.010	0.010	0.000	0.000
SREBF1	0.005	0.005	0.000	0.000	-	-	3.03453580397089	0.030	0.030	0.000	0.000
NCOA1	0.005	0.005	0.000	0.000	CC	-	3.03453580397089	0.030	0.030	0.000	0.000
IGFALS	0.005	0.005	0.000	0.000	-	-	3.03453580397089	0.035	0.035	0.000	0.000
APAF1	0.005	0.005	0.000	0.000	-	PC	3.03453580397089	0.025	0.025	0.000	0.000
FAT2	0.051	0.051	0.000	0.000	-	-	3.03192046549932	0.101	0.101	0.000	0.000
RHOQ	0.005	0.005	0.000	0.000	-	-	3.00925107510391	0.010	0.010	0.000	0.000
EGR2	0.005	0.005	0.000	0.000	-	-	3.00925107510391	0.035	0.035	0.000	0.000
TSSK1B	0.005	0.005	0.000	0.000	-	-	2.95069299681455	0.051	0.051	0.000	0.000
SF1	0.005	0.005	0.000	0.000	-	-	2.95069299681455	0.040	0.040	0.000	0.000
PSMB1	0.005	0.005	0.000	0.000	-	-	2.95069299681455	0.010	0.010	0.000	0.000
PCDHA6	0.015	0.015	0.000	0.000	-	-	2.95044627112924	0.076	0.076	0.000	0.000
CD22	0.010	0.010	0.000	0.000	-	-	2.88889317777185	0.030	0.030	0.000	0.000
PI4KB	0.015	0.015	0.000	0.000	-	-	2.88130603593686	0.020	0.020	0.000	0.000
CD48	0.005	0.005	0.000	0.000	-	-	2.87680177264537	0.010	0.010	0.000	0.000
NRXN3	0.015	0.015	0.000	0.000	-	-	2.85874107959327	0.061	0.061	0.000	0.000
MTA3	0.005	0.005	0.000	0.000	-	-	2.84379685798595	0.010	0.010	0.000	0.000
NFIB	0.010	0.010	0.000	0.000	CC	-	2.84234181337854	0.025	0.025	0.000	0.000
SP2	0.005	0.005	0.000	0.000	-	-	2.83393428530477	0.010	0.010	0.000	0.000
GAB3	0.005	0.005	0.000	0.000	-	-	2.83393428530477	0.020	0.020	0.000	0.000
ADAMTS19	0.005	0.005	0.000	0.000	-	-	2.83393428530477	0.035	0.035	0.000	0.000
RFC4	0.010	0.010	0.000	0.000	-	-	2.83150469000654	0.020	0.020	0.000	0.000
UNC5A	0.005	0.005	0.000	0.000	-	-	2.81368300247179	0.015	0.015	0.000	0.000
SMARCE1	0.005	0.005	0.000	0.000	-	-	2.81368300247179	0.010	0.010	0.000	0.000
RXRB	0.005	0.005	0.000	0.000	-	-	2.81368300247179	0.020	0.020	0.000	0.000
FANCA	0.005	0.005	0.000	0.000	CC	PC	2.81368300247179	0.030	0.030	0.000	0.000
CDC42BPA	0.005	0.005	0.000	0.000	-	-	2.81168035558921	0.045	0.045	0.000	0.000
POU5F1	0.005	0.005	0.000	0.000	CC	-	2.80893170876966	0.015	0.015	0.000	0.000
NR3C2	0.005	0.005	0.000	0.000	-	-	2.80893170876966	0.035	0.035	0.000	0.000
USP14	0.010	0.010	0.000	0.000	-	-	2.8064816803046	0.015	0.015	0.000	0.000
CD40	0.010	0.010	0.000	0.000	-	-	2.8017378625886	0.020	0.020	0.000	0.000
PSMD1	0.005	0.005	0.000	0.000	-	-	2.79460353357195	0.030	0.030	0.000	0.000
XPO1	0.010	0.010	0.000	0.000	CC	-	2.78126566645713	0.015	0.015	0.000	0.000
TCF12	0.015	0.015	0.000	0.000	CC	PC	2.76380741255241	0.020	0.020	0.000	0.000
CBL	0.010	0.010	0.000	0.000	CC	-	2.69995788447854	0.015	0.015	0.000	0.000
SELPLG	0.005	0.005	0.000	0.000	-	-	2.69867648271239	0.020	0.020	0.000	0.000
PARVB	0.005	0.005	0.000	0.000	-	-	2.69867648271239	0.015	0.015	0.000	0.000
FZD1	0.005	0.005	0.000	0.000	-	-	2.69867648271239	0.030	0.030	0.000	0.000
FOXO4	0.005	0.005	0.000	0.000	-	-	2.69867648271239	0.035	0.035	0.000	0.000
ATP2A2	0.005	0.005	0.000	0.000	-	-	2.69867648271239	0.030	0.030	0.000	0.000
PVRL3	0.005	0.005	0.000	0.000	-	-	2.681245173774	0.010	0.010	0.000	0.000
ODC1	0.005	0.005	0.000	0.000	-	-	2.681245173774	0.005	0.005	0.000	0.000
LTB	0.005	0.005	0.000	0.000	-	-	2.681245173774	0.010	0.010	0.000	0.000
MXRA5	0.020	0.020	0.000	0.000	-	-	2.67700566229357	0.096	0.096	0.000	0.000
APBA1	0.010	0.010	0.000	0.000	-	-	2.67078810503054	0.025	0.025	0.000	0.000
GUCY1A2	0.005	0.005	0.000	0.000	-	-	2.66584185057168	0.035	0.035	0.000	0.000
CACNA2D4	0.005	0.005	0.000	0.000	-	-	2.66584185057168	0.040	0.040	0.000	0.000
SRCAP	0.010	0.010	0.000	0.000	-	-	2.64656620038522	0.086	0.086	0.000	0.000
SRPK1	0.005	0.005	0.000	0.000	-	-	2.62170209323464	0.010	0.010	0.000	0.000
MEIS1	0.015	0.015	0.000	0.000	-	-	2.59788186272401	0.040	0.040	0.000	0.000
TUBA3C	0.010	0.010	0.000	0.000	-	-	2.56084261180482	0.071	0.071	0.000	0.000
CCNA1	0.020	0.020	0.000	0.000	-	-	2.53456410917944	0.040	0.040	0.000	0.000
IKBKB	0.010	0.005	0.000	0.005	-	-	2.53129188175655	0.015	0.010	0.000	0.005
STAT5B	0.005	0.005	0.000	0.000	-	-	2.52429025382888	0.030	0.030	0.000	0.000
DLAT	0.005	0.005	0.000	0.000	-	-	2.52429025382888	0.020	0.020	0.000	0.000
CDKN1B	0.005	0.005	0.000	0.000	-	PC	2.52429025382888	0.015	0.015	0.000	0.000
CCNK	0.005	0.005	0.000	0.000	-	-	2.52429025382888	0.010	0.010	0.000	0.000
ARAP1	0.005	0.005	0.000	0.000	-	-	2.52429025382888	0.056	0.056	0.000	0.000
SMPD1	0.015	0.015	0.000	0.000	-	-	2.51730808172453	0.061	0.061	0.000	0.000
ST8SIA4	0.005	0.005	0.000	0.000	-	-	2.49767957783696	0.025	0.025	0.000	0.000
CHRNA1	0.005	0.005	0.000	0.000	-	-	2.49767957783696	0.020	0.020	0.000	0.000
FZR1	0.010	0.010	0.000	0.000	-	-	2.47781534976812	0.010	0.010	0.000	0.000
NCSTN	0.005	0.005	0.000	0.000	-	-	2.46377453627677	0.005	0.005	0.000	0.000
IKBKG	0.005	0.005	0.000	0.000	-	-	2.46377453627677	0.005	0.005	0.000	0.000
EIF2AK2	0.005	0.005	0.000	0.000	-	-	2.46377453627677	0.010	0.010	0.000	0.000
RXRA	0.005	0.005	0.000	0.000	-	PC	2.41859045138671	0.030	0.030	0.000	0.000
POLE2	0.005	0.005	0.000	0.000	-	-	2.41859045138671	0.025	0.025	0.000	0.000
ERCC4	0.005	0.005	0.000	0.000	CC	-	2.41859045138671	0.025	0.025	0.000	0.000
CLIP1	0.010	0.010	0.000	0.000	-	PC	2.40841098815536	0.035	0.035	0.000	0.000
LRPPRC	0.015	0.015	0.000	0.000	-	-	2.40501382906474	0.025	0.025	0.000	0.000
THBS4	0.005	0.005	0.000	0.000	-	-	2.37471753314926	0.020	0.020	0.000	0.000
PTPN7	0.005	0.005	0.000	0.000	-	-	2.37471753314926	0.010	0.010	0.000	0.000
DOCK1	0.005	0.005	0.000	0.000	-	-	2.37471753314926	0.051	0.051	0.000	0.000
ADAMTS14	0.005	0.005	0.000	0.000	-	-	2.37471753314926	0.040	0.040	0.000	0.000
POLR3B	0.010	0.010	0.000	0.000	-	-	2.36755621132058	0.015	0.015	0.000	0.000
ZYX	0.005	0.005	0.000	0.000	-	-	2.364229146776	0.010	0.010	0.000	0.000
PSMD5	0.005	0.005	0.000	0.000	-	-	2.364229146776	0.010	0.010	0.000	0.000
PLAU	0.005	0.005	0.000	0.000	-	-	2.364229146776	0.015	0.015	0.000	0.000
PIK3R5	0.005	0.005	0.000	0.000	-	-	2.364229146776	0.015	0.015	0.000	0.000
MAP3K7	0.005	0.005	0.000	0.000	-	-	2.364229146776	0.010	0.010	0.000	0.000
HDAC4	0.005	0.005	0.000	0.000	-	-	2.364229146776	0.030	0.030	0.000	0.000
EPAS1	0.005	0.005	0.000	0.000	-	-	2.364229146776	0.010	0.010	0.000	0.000
DPYSL5	0.005	0.005	0.000	0.000	-	-	2.364229146776	0.025	0.025	0.000	0.000
FZD10	0.015	0.015	0.000	0.000	-	-	2.34140646960068	0.030	0.030	0.000	0.000
PIK3R2	0.005	0.005	0.000	0.000	-	-	2.33555312068536	0.005	0.005	0.000	0.000
MCM4	0.005	0.005	0.000	0.000	-	-	2.33555312068536	0.015	0.015	0.000	0.000
NR3C1	0.010	0.010	0.000	0.000	-	-	2.33357842372305	0.010	0.010	0.000	0.000
PAX4	0.005	0.005	0.000	0.000	-	-	2.30108241848274	0.005	0.005	0.000	0.000
PSEN2	0.005	0.005	0.000	0.000	-	-	2.29105086854918	0.020	0.020	0.000	0.000
POLR1D	0.005	0.005	0.000	0.000	-	-	2.29105086854918	0.015	0.015	0.000	0.000
NUP133	0.005	0.005	0.000	0.000	-	-	2.29105086854918	0.025	0.025	0.000	0.000
CRY1	0.005	0.005	0.000	0.000	-	-	2.29105086854918	0.010	0.010	0.000	0.000
CDC5L	0.005	0.005	0.000	0.000	-	-	2.29105086854918	0.025	0.025	0.000	0.000
CD19	0.005	0.005	0.000	0.000	-	-	2.29105086854918	0.020	0.020	0.000	0.000
MICAL1	0.010	0.010	0.000	0.000	-	-	2.27460265398079	0.051	0.051	0.000	0.000
TP53BP1	0.005	0.005	0.000	0.000	-	PC	2.26556056023394	0.025	0.025	0.000	0.000
RAET1E	0.005	0.005	0.000	0.000	-	-	2.26556056023394	0.020	0.020	0.000	0.000
LILRB3	0.005	0.005	0.000	0.000	-	-	2.26556056023394	0.035	0.035	0.000	0.000
KPNA5	0.005	0.005	0.000	0.000	-	-	2.26556056023394	0.010	0.010	0.000	0.000
CD82	0.005	0.005	0.000	0.000	-	-	2.26556056023394	0.010	0.010	0.000	0.000
PAX3	0.010	0.010	0.000	0.000	CC	-	2.25460643348698	0.051	0.051	0.000	0.000
SPTA1	0.101	0.101	0.000	0.000	-	-	2.19785688660652	0.116	0.116	0.000	0.000
PBX1	0.005	0.005	0.000	0.000	CC	-	2.19769581491735	0.020	0.020	0.000	0.000
NAP1L1	0.005	0.005	0.000	0.000	-	-	2.19769581491735	0.015	0.015	0.000	0.000
IKZF1	0.005	0.005	0.000	0.000	CC	-	2.19769581491735	0.025	0.025	0.000	0.000
COL22A1	0.005	0.005	0.000	0.000	-	-	2.19769581491735	0.071	0.071	0.000	0.000
DOK1	0.010	0.010	0.000	0.000	-	-	2.19412980987044	0.015	0.015	0.000	0.000
PIK3R3	0.010	0.010	0.000	0.000	-	-	2.18460119573208	0.010	0.010	0.000	0.000
COL6A2	0.015	0.015	0.000	0.000	-	-	2.17170845099408	0.045	0.045	0.000	0.000
PSG1	0.005	0.005	0.000	0.000	-	-	2.08910932818304	0.030	0.030	0.000	0.000
CLK1	0.005	0.005	0.000	0.000	-	-	2.08910932818304	0.010	0.010	0.000	0.000
ADAMTS7	0.005	0.005	0.000	0.000	-	-	2.08910932818304	0.061	0.061	0.000	0.000
BUB1	0.010	0.010	0.000	0.000	-	-	2.08744334715617	0.025	0.025	0.000	0.000
TRAF1	0.005	0.005	0.000	0.000	-	-	2.06478643128655	0.010	0.010	0.000	0.000
MAP2K6	0.005	0.005	0.000	0.000	-	-	2.06478643128655	0.010	0.010	0.000	0.000
GSK3B	0.005	0.005	0.000	0.000	-	-	2.06478643128655	0.025	0.025	0.000	0.000
IL18	0.010	0.010	0.000	0.000	-	-	2.0555028568806	0.015	0.015	0.000	0.000
PI4KA	0.005	0.005	0.000	0.000	-	-	2.04969134202994	0.045	0.045	0.000	0.000
KCNQ1	0.005	0.005	0.000	0.000	-	-	2.02893396838737	0.035	0.035	0.000	0.000
ITGA1	0.005	0.005	0.000	0.000	-	-	2.02893396838737	0.040	0.040	0.000	0.000
SH3BP5	0.005	0.005	0.000	0.000	-	-	2.0229076542124	0.015	0.015	0.000	0.000
MYH8	0.005	0.005	0.000	0.000	-	-	2.0229076542124	0.061	0.061	0.000	0.000
FNTA	0.005	0.005	0.000	0.000	-	-	2.0229076542124	0.025	0.025	0.000	0.000
ACTR1B	0.005	0.005	0.000	0.000	-	-	2.0229076542124	0.020	0.020	0.000	0.000
ITGA7	0.010	0.010	0.000	0.000	-	-	2.01866631490494	0.045	0.045	0.000	0.000
GRIA1	0.015	0.015	0.000	0.000	-	-	2.01526603394897	0.040	0.040	0.000	0.000
COL4A3	0.005	0.005	0.000	0.000	-	-	1.99829773683853	0.040	0.040	0.000	0.000
LHX4	0.005	0.005	0.000	0.000	-	-	1.99144085280388	0.020	0.020	0.000	0.000
SRMS	0.010	0.010	0.000	0.000	-	-	1.96631525250864	0.025	0.025	0.000	0.000
NOX3	0.005	0.005	0.000	0.000	-	-	1.95607777207599	0.025	0.025	0.000	0.000
CAMK2D	0.005	0.005	0.000	0.000	-	-	1.95607777207599	0.020	0.020	0.000	0.000
BCL2L11	0.005	0.005	0.000	0.000	-	-	1.95607777207599	0.010	0.010	0.000	0.000
RUNX1T1	0.005	0.005	0.000	0.000	-	-	1.94225609245785	0.040	0.040	0.000	0.000
GNA12	0.005	0.005	0.000	0.000	-	-	1.94225609245785	0.015	0.015	0.000	0.000
RHOT2	0.005	0.005	0.000	0.000	-	-	1.91866940934167	0.015	0.015	0.000	0.000
MEIS2	0.005	0.005	0.000	0.000	-	-	1.91866940934167	0.015	0.015	0.000	0.000
NOV	0.015	0.015	0.000	0.000	-	-	1.89331226707855	0.040	0.040	0.000	0.000
NPR1	0.005	0.005	0.000	0.000	-	-	1.85483408279122	0.015	0.015	0.000	0.000
IKZF2	0.005	0.005	0.000	0.000	-	-	1.85483408279122	0.025	0.025	0.000	0.000
IARS	0.005	0.005	0.000	0.000	-	-	1.84333535226276	0.025	0.025	0.000	0.000
CD93	0.005	0.005	0.000	0.000	-	-	1.84333535226276	0.030	0.025	0.000	0.005
CDC27	0.010	0.010	0.000	0.000	-	-	1.77279687307928	0.035	0.035	0.000	0.000
IVL	0.010	0.010	0.000	0.000	-	-	1.77082481472019	0.025	0.025	0.000	0.000
VTN	0.005	0.005	0.000	0.000	-	-	1.75468323580835	0.010	0.010	0.000	0.000
TUBB2A	0.005	0.005	0.000	0.000	-	-	1.75468323580835	0.020	0.020	0.000	0.000
POLD1	0.005	0.005	0.000	0.000	-	-	1.75468323580835	0.051	0.051	0.000	0.000
PAX5	0.005	0.005	0.000	0.000	CC	-	1.75468323580835	0.030	0.030	0.000	0.000
ATN1	0.005	0.005	0.000	0.000	-	-	1.75468323580835	0.061	0.061	0.000	0.000
STAG2	0.005	0.005	0.000	0.000	-	PC	1.74092114538979	0.005	0.005	0.000	0.000
ABL2	0.015	0.015	0.000	0.000	CC	-	1.72061691899139	0.051	0.051	0.000	0.000
XRCC3	0.005	0.005	0.000	0.000	-	-	1.67885404622885	0.010	0.010	0.000	0.000
INSRR	0.005	0.005	0.000	0.000	-	-	1.67794920744712	0.056	0.056	0.000	0.000
FANCD2	0.010	0.010	0.000	0.000	CC	-	1.668635044598	0.020	0.020	0.000	0.000
CACNA1E	0.040	0.040	0.000	0.000	-	-	1.66637333050371	0.116	0.116	0.000	0.000
HMGB2	0.005	0.005	0.000	0.000	-	-	1.6590282237813	0.005	0.005	0.000	0.000
HLA-G	0.005	0.005	0.000	0.000	-	-	1.6590282237813	0.015	0.015	0.000	0.000
PCDH10	0.025	0.025	0.000	0.000	-	-	1.65757997465342	0.096	0.096	0.000	0.000
TRIO	0.005	0.005	0.000	0.000	-	PC	1.64089372985775	0.051	0.051	0.000	0.000
LIG1	0.005	0.005	0.000	0.000	-	-	1.64089372985775	0.040	0.040	0.000	0.000
ADCY5	0.005	0.005	0.000	0.000	-	-	1.64089372985775	0.066	0.066	0.000	0.000
UBE2E1	0.005	0.005	0.000	0.000	-	-	1.63474097920432	0.005	0.005	0.000	0.000
CCNB2	0.005	0.005	0.000	0.000	-	-	1.63474097920432	0.010	0.010	0.000	0.000
SBF1	0.005	0.005	0.000	0.000	-	-	1.63364936241101	0.071	0.071	0.000	0.000
HDAC7	0.010	0.010	0.000	0.000	-	-	1.61507174656628	0.015	0.015	0.000	0.000
STK4	0.005	0.005	0.000	0.000	-	-	1.60747385752927	0.010	0.010	0.000	0.000
DUSP6	0.005	0.005	0.000	0.000	-	-	1.60747385752927	0.020	0.020	0.000	0.000
ADAMTS6	0.005	0.005	0.000	0.000	-	-	1.60747385752927	0.020	0.020	0.000	0.000
PIP4K2B	0.005	0.005	0.000	0.000	-	-	1.51087406884756	0.020	0.020	0.000	0.000
HGS	0.005	0.005	0.000	0.000	-	-	1.51087406884756	0.025	0.025	0.000	0.000
COL3A1	0.015	0.015	0.000	0.000	-	-	1.49846001627434	0.045	0.045	0.000	0.000
RARB	0.005	0.005	0.000	0.000	-	-	1.49674139059036	0.035	0.035	0.000	0.000
FANCL	0.005	0.005	0.000	0.000	-	-	1.49674139059036	0.025	0.025	0.000	0.000
MGP	0.005	0.005	0.000	0.000	-	-	1.49214471025112	0.010	0.010	0.000	0.000
CASP2	0.005	0.005	0.000	0.000	-	-	1.47345890754195	0.015	0.015	0.000	0.000
ALK	0.005	0.005	0.000	0.000	CC	-	1.47345890754195	0.045	0.045	0.000	0.000
SMARCC2	0.005	0.005	0.000	0.000	-	-	1.45347321891133	0.045	0.045	0.000	0.000
MAG	0.005	0.005	0.000	0.000	-	-	1.45347321891133	0.020	0.020	0.000	0.000
DOK5	0.005	0.005	0.000	0.000	-	-	1.45248266546713	0.020	0.020	0.000	0.000
MSH6	0.005	0.005	0.000	0.000	CC	-	1.43032697995058	0.045	0.045	0.000	0.000
LIMS1	0.005	0.005	0.000	0.000	-	-	1.43032697995058	0.005	0.005	0.000	0.000
NFIC	0.005	0.005	0.000	0.000	-	-	1.42261806781653	0.015	0.015	0.000	0.000
CISH	0.005	0.005	0.000	0.000	-	-	1.42261806781653	0.010	0.010	0.000	0.000
OCRL	0.005	0.005	0.000	0.000	-	-	1.4222882639795	0.025	0.025	0.000	0.000
GRIN2B	0.010	0.010	0.000	0.000	-	-	1.38777427500907	0.045	0.045	0.000	0.000
RPA2	0.005	0.005	0.000	0.000	-	-	1.36897081379944	0.005	0.005	0.000	0.000
PARK2	0.005	0.005	0.000	0.000	-	-	1.36695811616785	0.025	0.025	0.000	0.000
PCDH17	0.076	0.076	0.000	0.000	-	-	1.36317090959577	0.091	0.091	0.000	0.000
NGEF	0.005	0.005	0.000	0.000	-	-	1.36094479479355	0.020	0.020	0.000	0.000
ITPR1	0.005	0.005	0.000	0.000	-	-	1.36094479479355	0.076	0.076	0.000	0.000
SDC2	0.005	0.005	0.000	0.000	-	-	1.35729380918692	0.015	0.015	0.000	0.000
SEMA6C	0.005	0.005	0.000	0.000	-	-	1.34609799425277	0.040	0.040	0.000	0.000
TIAM1	0.010	0.010	0.000	0.000	-	-	1.34312238825512	0.081	0.081	0.000	0.000
WT1	0.010	0.010	0.000	0.000	CC	PC	1.31083140354381	0.015	0.015	0.000	0.000
TRADD	0.005	0.005	0.000	0.000	-	-	1.30796132991834	0.010	0.010	0.000	0.000
FANCE	0.005	0.005	0.000	0.000	CC	-	1.30796132991834	0.010	0.010	0.000	0.000
COL1A1	0.005	0.005	0.000	0.000	CC	-	1.30796132991834	0.035	0.035	0.000	0.000
POLB	0.005	0.000	0.000	0.005	-	-	1.3057393788151	0.015	0.010	0.000	0.005
HNRNPA3	0.005	0.005	0.000	0.000	-	-	1.3057393788151	0.005	0.005	0.000	0.000
GRB10	0.005	0.005	0.000	0.000	-	-	1.30499647199823	0.010	0.010	0.000	0.000
MALT1	0.005	0.005	0.000	0.000	CC	-	1.29138721187581	0.015	0.015	0.000	0.000
EPOR	0.005	0.005	0.000	0.000	-	-	1.29138721187581	0.010	0.010	0.000	0.000
HLA-DPA1	0.005	0.005	0.000	0.000	-	-	1.28014464264117	0.020	0.020	0.000	0.000
ADAMTS10	0.005	0.005	0.000	0.000	-	-	1.28014464264117	0.035	0.035	0.000	0.000
COL19A1	0.010	0.010	0.000	0.000	-	-	1.27352716689486	0.045	0.045	0.000	0.000
TSC2	0.005	0.005	0.000	0.000	CC	PC	1.25505805569847	0.025	0.025	0.000	0.000
MKNK2	0.005	0.005	0.000	0.000	-	-	1.25505805569847	0.005	0.005	0.000	0.000
APOB	0.020	0.020	0.000	0.000	-	-	1.25459638956829	0.121	0.121	0.000	0.000
LAMC2	0.005	0.005	0.000	0.000	-	-	1.234228125015	0.025	0.025	0.000	0.000
PLCZ1	0.005	0.005	0.000	0.000	-	-	1.22555250294145	0.040	0.040	0.000	0.000
PIN1	0.005	0.005	0.000	0.000	-	-	1.22555250294145	0.010	0.010	0.000	0.000
CTSF	0.005	0.005	0.000	0.000	-	-	1.22555250294145	0.020	0.020	0.000	0.000
ARID4B	0.005	0.005	0.000	0.000	-	-	1.22555250294145	0.025	0.025	0.000	0.000
PLCB3	0.005	0.005	0.000	0.000	-	-	1.22071697263662	0.045	0.045	0.000	0.000
TNF	0.005	0.005	0.000	0.000	-	-	1.18448283765355	0.005	0.005	0.000	0.000
NFKB1	0.005	0.005	0.000	0.000	-	-	1.18448283765355	0.005	0.005	0.000	0.000
HDAC2	0.005	0.005	0.000	0.000	-	-	1.18448283765355	0.020	0.020	0.000	0.000
TNIK	0.005	0.005	0.000	0.000	-	-	1.15068877010385	0.051	0.051	0.000	0.000
KRR1	0.005	0.005	0.000	0.000	-	-	1.15068877010385	0.010	0.010	0.000	0.000
FGF17	0.005	0.005	0.000	0.000	-	-	1.15068877010385	0.015	0.015	0.000	0.000
PTPRF	0.005	0.005	0.000	0.000	-	-	1.14652468725281	0.035	0.035	0.000	0.000
F2	0.005	0.005	0.000	0.000	-	-	1.14652468725281	0.025	0.025	0.000	0.000
EGF	0.005	0.005	0.000	0.000	-	-	1.14652468725281	0.010	0.010	0.000	0.000
ITGA6	0.005	0.005	0.000	0.000	-	PC	1.04665408106527	0.040	0.040	0.000	0.000
HRAS	0.005	0.005	0.000	0.000	CC	PC	1.04665408106527	0.005	0.005	0.000	0.000
CDH23	0.010	0.010	0.000	0.000	-	-	1.0278244758876	0.091	0.091	0.000	0.000
ITGAD	0.005	0.005	0.000	0.000	-	-	1.0070760734002	0.030	0.030	0.000	0.000
PML	0.005	0.005	0.000	0.000	CC	-	0.990652618960631	0.040	0.040	0.000	0.000
MYBL1	0.005	0.005	0.000	0.000	-	-	0.990652618960631	0.030	0.030	0.000	0.000
JUNB	0.005	0.005	0.000	0.000	-	-	0.990652618960631	0.005	0.005	0.000	0.000
IRF7	0.005	0.005	0.000	0.000	-	-	0.990652618960631	0.005	0.005	0.000	0.000
HUS1	0.005	0.005	0.000	0.000	-	-	0.990652618960631	0.005	0.005	0.000	0.000
PCDHA7	0.071	0.071	0.000	0.000	-	-	0.967167331155501	0.116	0.116	0.000	0.000
GABRB3	0.015	0.015	0.000	0.000	-	-	0.939205753159879	0.020	0.020	0.000	0.000
TAF1A	0.005	0.005	0.000	0.000	-	-	0.879604723733848	0.010	0.010	0.000	0.000
RPL5	0.010	0.010	0.000	0.000	-	PC	0.87826058517553	0.025	0.025	0.000	0.000
KHDRBS1	0.005	0.005	0.000	0.000	-	-	0.875080359686485	0.015	0.015	0.000	0.000
HNRNPC	0.005	0.005	0.000	0.000	-	-	0.875080359686485	0.010	0.010	0.000	0.000
EPB41	0.005	0.005	0.000	0.000	-	-	0.854500182014136	0.025	0.025	0.000	0.000
CDC25C	0.005	0.005	0.000	0.000	-	-	0.854500182014136	0.010	0.010	0.000	0.000
CBFA2T3	0.005	0.005	0.000	0.000	CC	-	0.854500182014136	0.035	0.035	0.000	0.000
BAX	0.005	0.005	0.000	0.000	-	-	0.854500182014136	0.025	0.025	0.000	0.000
POLR3A	0.005	0.005	0.000	0.000	-	-	0.853562698886692	0.015	0.015	0.000	0.000
IPO8	0.005	0.005	0.000	0.000	-	-	0.853562698886692	0.025	0.020	0.005	0.000
HLA-DRA	0.005	0.005	0.000	0.000	-	-	0.830283717227742	0.025	0.025	0.000	0.000
PPP3CA	0.005	0.005	0.000	0.000	-	-	0.80725471966301	0.020	0.020	0.000	0.000
CAMK2G	0.005	0.005	0.000	0.000	-	-	0.80725471966301	0.035	0.035	0.000	0.000
LAMA3	0.005	0.005	0.000	0.000	-	-	0.788932280189051	0.056	0.056	0.000	0.000
IPO9	0.005	0.005	0.000	0.000	-	-	0.788932280189051	0.025	0.025	0.000	0.000
VLDLR	0.005	0.005	0.000	0.000	-	-	0.781127662204232	0.035	0.035	0.000	0.000
PCDHB8	0.051	0.051	0.000	0.000	-	-	0.780117517594179	0.066	0.066	0.000	0.000
CAV1	0.005	0.005	0.000	0.000	-	-	0.761523402989303	0.005	0.005	0.000	0.000
LIMD1	0.005	0.005	0.000	0.000	-	-	0.760190744599409	0.025	0.025	0.000	0.000
GRM7	0.005	0.005	0.000	0.000	-	-	0.753803386723414	0.071	0.071	0.000	0.000
PIK3CB	0.005	0.005	0.000	0.000	-	PC	0.726643597807919	0.010	0.010	0.000	0.000
ITGB3BP	0.005	0.005	0.000	0.000	-	-	0.726643597807919	0.005	0.005	0.000	0.000
DBF4	0.005	0.005	0.000	0.000	-	-	0.726643597807919	0.020	0.020	0.000	0.000
BGN	0.010	0.010	0.000	0.000	-	-	0.701032147201628	0.025	0.025	0.000	0.000
NLRP12	0.005	0.005	0.000	0.000	-	-	0.699948169491444	0.035	0.035	0.000	0.000
GTF3C2	0.005	0.005	0.000	0.000	-	-	0.699948169491444	0.015	0.015	0.000	0.000
GSK3A	0.005	0.005	0.000	0.000	-	-	0.68617060986747	0.005	0.005	0.000	0.000
PRKCQ	0.005	0.005	0.000	0.000	-	-	0.675975629285576	0.020	0.020	0.000	0.000
MS4A1	0.005	0.005	0.000	0.000	-	-	0.664782341087949	0.015	0.015	0.000	0.000
GRIP1	0.005	0.005	0.000	0.000	-	-	0.664782341087949	0.015	0.015	0.000	0.000
HNRNPH1	0.005	0.005	0.000	0.000	-	-	0.656606970921298	0.010	0.010	0.000	0.000
KCNQ5	0.020	0.020	0.000	0.000	-	-	0.650680225256198	0.061	0.061	0.000	0.000
SRC	0.005	0.005	0.000	0.000	-	-	0.593686364130066	0.005	0.005	0.000	0.000
NCAM2	0.005	0.005	0.000	0.000	-	-	0.593686364130066	0.040	0.040	0.000	0.000
MAX	0.005	0.005	0.000	0.000	-	PC	0.590739258605768	0.020	0.020	0.000	0.000
ATF1	0.005	0.005	0.000	0.000	CC	-	0.590739258605768	0.005	0.005	0.000	0.000
RXRG	0.005	0.005	0.000	0.000	-	-	0.590544955297268	0.025	0.025	0.000	0.000
GRM1	0.005	0.005	0.000	0.000	-	-	0.590544955297268	0.061	0.061	0.000	0.000
RTN4	0.005	0.005	0.000	0.000	-	-	0.58184299305596	0.040	0.040	0.000	0.000
CTNNA3	0.030	0.030	0.000	0.000	-	-	0.564129721040263	0.066	0.066	0.000	0.000
PDGFA	0.005	0.005	0.000	0.000	-	-	0.546212527924399	0.005	0.005	0.000	0.000
DAZ4	0.126	0.000	0.126	0.000	-	-	0.506107538581501	0.404	0.000	0.404	0.000
ETS1	0.005	0.005	0.000	0.000	-	-	0.488622206240984	0.010	0.010	0.000	0.000
CSNK1D	0.005	0.005	0.000	0.000	-	-	0.488622206240984	0.030	0.030	0.000	0.000
IMP4	0.005	0.005	0.000	0.000	-	-	0.484924611939199	0.015	0.015	0.000	0.000
LAMB2	0.005	0.005	0.000	0.000	-	-	0.44306211410631	0.035	0.035	0.000	0.000
JAK2	0.005	0.005	0.000	0.000	CC	PC	0.399568254890507	0.025	0.025	0.000	0.000
HNRNPA1	0.005	0.005	0.000	0.000	-	-	0.398446807208374	0.010	0.010	0.000	0.000
KRT1	0.091	0.091	0.000	0.000	-	-	0.386784088496791	0.116	0.116	0.000	0.000
PCDHA3	0.030	0.030	0.000	0.000	-	-	0.342902775410831	0.051	0.051	0.000	0.000
ITGA5	0.005	0.005	0.000	0.000	-	-	0.309173048222054	0.020	0.020	0.000	0.000
CTNNA2	0.015	0.015	0.000	0.000	-	-	0.289591571094005	0.076	0.076	0.000	0.000
PCDH15	0.025	0.025	0.000	0.000	-	-	0.283427404464388	0.101	0.101	0.000	0.000
PCDHGB5	0.015	0.015	0.000	0.000	-	-	0.250248035679337	0.030	0.030	0.000	0.000
SVEP1	0.030	0.030	0.000	0.000	-	-	0.249834384307018	0.071	0.071	0.000	0.000
PCDH11Y	0.030	0.015	0.015	0.000	-	-	0.242951155616909	0.081	0.040	0.040	0.000
INADL	0.010	0.010	0.000	0.000	-	-	0.236918674137604	0.051	0.051	0.000	0.000
KCNN3	0.101	0.101	0.000	0.000	-	-	0.219514593078536	0.162	0.162	0.000	0.000
HAP1	0.035	0.035	0.000	0.000	-	-	0.207841813160407	0.056	0.056	0.000	0.000
PCDHGA5	0.015	0.015	0.000	0.000	-	-	0.207728591859175	0.056	0.056	0.000	0.000
MLL3	0.066	0.066	0.000	0.000	CC	PC	0.206717043274508	0.101	0.101	0.000	0.000
CDH9	0.015	0.015	0.000	0.000	-	-	0.200111948940422	0.056	0.056	0.000	0.000
DCC	0.010	0.010	0.000	0.000	-	-	0.194292534132496	0.056	0.056	0.000	0.000
PCDHAC2	0.010	0.010	0.000	0.000	-	-	0.193005233867823	0.030	0.030	0.000	0.000
CNTNAP2	0.035	0.035	0.000	0.000	-	-	0.192747402230429	0.066	0.066	0.000	0.000
SCNN1D	0.020	0.020	0.000	0.000	-	-	0.16746045736814	0.035	0.035	0.000	0.000
CACNA1A	0.020	0.020	0.000	0.000	-	-	0.167326400348143	0.091	0.091	0.000	0.000
PCDHB13	0.005	0.005	0.000	0.000	-	-	0.161631811874046	0.020	0.020	0.000	0.000
PCDHB12	0.010	0.010	0.000	0.000	-	-	0.160061413279547	0.056	0.056	0.000	0.000
PCDHA2	0.025	0.025	0.000	0.000	-	-	0.15988768302129	0.091	0.091	0.000	0.000
RAB27B	0.005	0.005	0.000	0.000	-	-	0.157495580130732	0.005	0.005	0.000	0.000
GTF2E1	0.005	0.005	0.000	0.000	-	-	0.155278282260112	0.025	0.025	0.000	0.000
PCDHA4	0.005	0.005	0.000	0.000	-	-	0.152975343441192	0.051	0.051	0.000	0.000
PDZD2	0.030	0.030	0.000	0.000	-	-	0.14661933645927	0.066	0.066	0.000	0.000
PCDHA5	0.010	0.010	0.000	0.000	-	-	0.145952866818382	0.061	0.061	0.000	0.000
CCR10	0.005	0.005	0.000	0.000	-	-	0.141792263517245	0.010	0.010	0.000	0.000
TCHH	0.051	0.051	0.000	0.000	-	-	0.135487875826057	0.106	0.106	0.000	0.000
ADCY3	0.010	0.010	0.000	0.000	-	-	0.128712917033347	0.020	0.020	0.000	0.000
TNFAIP6	0.005	0.005	0.000	0.000	-	-	0.127696029624553	0.025	0.025	0.000	0.000
PCDHGA11	0.010	0.010	0.000	0.000	-	-	0.125758965279687	0.051	0.051	0.000	0.000
MPDZ	0.010	0.010	0.000	0.000	-	-	0.123351570621744	0.040	0.040	0.000	0.000
FBLN2	0.005	0.005	0.000	0.000	-	-	0.122887653703748	0.030	0.030	0.000	0.000
COL2A1	0.005	0.005	0.000	0.000	-	-	0.12218698499433	0.056	0.056	0.000	0.000
SLIT3	0.015	0.015	0.000	0.000	-	-	0.117804153230267	0.056	0.056	0.000	0.000
ABCB1	0.030	0.030	0.000	0.000	-	PC	0.116302634629251	0.071	0.071	0.000	0.000
DCLK1	0.020	0.020	0.000	0.000	-	-	0.116002744132066	0.045	0.045	0.000	0.000
UBE3A	0.005	0.005	0.000	0.000	-	-	0.115358127925926	0.040	0.040	0.000	0.000
CLDN10	0.005	0.005	0.000	0.000	-	-	0.112257607714284	0.020	0.020	0.000	0.000
RARS	0.005	0.005	0.000	0.000	-	-	0.109385733101131	0.025	0.025	0.000	0.000
CACNA1D	0.015	0.015	0.000	0.000	-	-	0.107341273063519	0.086	0.086	0.000	0.000
CACNA2D2	0.005	0.005	0.000	0.000	-	-	0.10572862033151	0.035	0.035	0.000	0.000
EEF1D	0.035	0.035	0.000	0.000	-	-	0.104554707697845	0.056	0.056	0.000	0.000
SLC12A2	0.010	0.010	0.000	0.000	-	-	0.102953892870283	0.040	0.040	0.000	0.000
TJP3	0.010	0.010	0.000	0.000	-	-	0.102161585042088	0.035	0.035	0.000	0.000
PRKG1	0.010	0.010	0.000	0.000	-	-	0.0999322307624542	0.030	0.030	0.000	0.000
PCDH18	0.005	0.005	0.000	0.000	-	-	0.0969311393686131	0.056	0.056	0.000	0.000
ECEL1	0.005	0.005	0.000	0.000	-	-	0.0963870631332591	0.040	0.040	0.000	0.000
RASGRF2	0.010	0.010	0.000	0.000	-	-	0.0947344814683351	0.035	0.035	0.000	0.000
SPTAN1	0.025	0.025	0.000	0.000	-	-	0.0921723373302564	0.051	0.051	0.000	0.000
DZIP1	0.005	0.005	0.000	0.000	-	-	0.0912556938611344	0.035	0.035	0.000	0.000
TLR9	0.010	0.010	0.000	0.000	-	-	0.0889274065709043	0.035	0.035	0.000	0.000
IL31RA	0.005	0.005	0.000	0.000	-	-	0.088171332926198	0.035	0.035	0.000	0.000
SCN4A	0.015	0.015	0.000	0.000	-	-	0.0863481071512629	0.061	0.061	0.000	0.000
PCDH1	0.010	0.010	0.000	0.000	-	-	0.0854362537814568	0.030	0.030	0.000	0.000
CDH13	0.005	0.005	0.000	0.000	-	-	0.0847142678633682	0.030	0.030	0.000	0.000
VIPR2	0.015	0.015	0.000	0.000	-	-	0.0829841162486767	0.020	0.020	0.000	0.000
MAGI1	0.005	0.005	0.000	0.000	-	-	0.0807071536087591	0.061	0.061	0.000	0.000
PCDHGA6	0.005	0.005	0.000	0.000	-	-	0.0802203571299606	0.045	0.045	0.000	0.000
CDH18	0.005	0.005	0.000	0.000	-	-	0.080138492444596	0.061	0.061	0.000	0.000
RPL14	0.015	0.015	0.000	0.000	-	-	0.079048838068358	0.030	0.030	0.000	0.000
PCDHGB6	0.005	0.005	0.000	0.000	-	-	0.0789179225459192	0.040	0.040	0.000	0.000
TLR7	0.005	0.005	0.000	0.000	-	-	0.0787524930444323	0.056	0.056	0.000	0.000
SPIB	0.010	0.010	0.000	0.000	-	-	0.0777182580673356	0.020	0.020	0.000	0.000
MARS	0.010	0.010	0.000	0.000	-	-	0.0757957991449022	0.020	0.020	0.000	0.000
DTNA	0.015	0.015	0.000	0.000	-	-	0.0743343935405652	0.015	0.015	0.000	0.000
PGM1	0.010	0.010	0.000	0.000	-	-	0.0730994380131999	0.020	0.020	0.000	0.000
NOS2	0.010	0.010	0.000	0.000	-	-	0.0728395205365062	0.035	0.035	0.000	0.000
LMNB1	0.010	0.010	0.000	0.000	-	-	0.0721032245842439	0.025	0.025	0.000	0.000
TNKS	0.020	0.020	0.000	0.000	-	-	0.0711325839353571	0.030	0.030	0.000	0.000
PCDHGA9	0.005	0.005	0.000	0.000	-	-	0.0707085370071136	0.035	0.035	0.000	0.000
PIAS3	0.005	0.005	0.000	0.000	-	-	0.0705607073653035	0.025	0.025	0.000	0.000
ADD1	0.015	0.015	0.000	0.000	-	-	0.0700366118198604	0.035	0.035	0.000	0.000
SOX9	0.025	0.025	0.000	0.000	-	-	0.0694727724478615	0.116	0.116	0.000	0.000
MYO1C	0.005	0.005	0.000	0.000	-	-	0.0681055630669131	0.030	0.030	0.000	0.000
SDC3	0.005	0.005	0.000	0.000	-	-	0.0675731753608207	0.010	0.010	0.000	0.000
CNGA3	0.005	0.005	0.000	0.000	-	-	0.0674773539531788	0.035	0.035	0.000	0.000
SRPX	0.010	0.010	0.000	0.000	-	-	0.0661972938584123	0.020	0.020	0.000	0.000
CGN	0.005	0.005	0.000	0.000	-	-	0.0661850747615914	0.015	0.015	0.000	0.000
TRPC3	0.015	0.015	0.000	0.000	-	-	0.0659126532845282	0.051	0.051	0.000	0.000
MYH14	0.005	0.005	0.000	0.000	-	-	0.0654373161398162	0.086	0.086	0.000	0.000
DRP2	0.010	0.010	0.000	0.000	-	-	0.0651651603996527	0.025	0.025	0.000	0.000
UNC5D	0.015	0.015	0.000	0.000	-	-	0.0650907284995223	0.025	0.025	0.000	0.000
PCDHA11	0.010	0.010	0.000	0.000	-	-	0.0647248283793548	0.051	0.051	0.000	0.000
OCLN	0.005	0.005	0.000	0.000	-	-	0.063730368488598	0.005	0.005	0.000	0.000
RAD17	0.005	0.005	0.000	0.000	-	-	0.0629733103869384	0.025	0.025	0.000	0.000
CDC7	0.005	0.005	0.000	0.000	-	-	0.0629733103869384	0.015	0.015	0.000	0.000
PEG3	0.015	0.015	0.000	0.000	-	-	0.0629306432638265	0.066	0.066	0.000	0.000
SGK1	0.005	0.005	0.000	0.000	-	PC	0.0623593918316556	0.010	0.010	0.000	0.000
MYO1E	0.010	0.010	0.000	0.000	-	-	0.0619342525334508	0.035	0.035	0.000	0.000
RGMA	0.005	0.005	0.000	0.000	-	-	0.0617391281517818	0.035	0.035	0.000	0.000
TAF4	0.005	0.005	0.000	0.000	-	-	0.061436232252853	0.015	0.015	0.000	0.000
PCDHB3	0.005	0.005	0.000	0.000	-	-	0.0613710324843515	0.056	0.056	0.000	0.000
PLXNA1	0.005	0.005	0.000	0.000	-	-	0.0604439455426934	0.071	0.071	0.000	0.000
ANK1	0.005	0.000	0.000	0.005	-	-	0.0598104347489929	0.040	0.035	0.000	0.005
DGKI	0.005	0.005	0.000	0.000	-	-	0.0589352340956838	0.030	0.030	0.000	0.000
SV2B	0.005	0.005	0.000	0.000	-	-	0.0583503971107677	0.025	0.025	0.000	0.000
NRXN2	0.005	0.005	0.000	0.000	-	-	0.0583273961581414	0.071	0.071	0.000	0.000
EPB41L3	0.010	0.010	0.000	0.000	-	-	0.0578856292985445	0.040	0.040	0.000	0.000
CACNA1F	0.005	0.005	0.000	0.000	-	-	0.0571004170336737	0.051	0.051	0.000	0.000
NLGN1	0.010	0.010	0.000	0.000	-	-	0.0569660810602954	0.025	0.025	0.000	0.000
RTN1	0.005	0.005	0.000	0.000	-	-	0.055874391296446	0.040	0.040	0.000	0.000
RASGRF1	0.010	0.010	0.000	0.000	-	-	0.0551663150584554	0.040	0.040	0.000	0.000
PCDH19	0.005	0.005	0.000	0.000	-	-	0.0550426944358914	0.040	0.040	0.000	0.000
ADAM12	0.005	0.005	0.000	0.000	-	-	0.0539589849651596	0.025	0.025	0.000	0.000
EDNRB	0.005	0.005	0.000	0.000	-	-	0.0529533606108162	0.030	0.030	0.000	0.000
PIK3C2G	0.005	0.005	0.000	0.000	-	-	0.0526341812860869	0.030	0.030	0.000	0.000
TAF1C	0.005	0.005	0.000	0.000	-	-	0.0521882223701263	0.061	0.061	0.000	0.000
EIF3A	0.005	0.005	0.000	0.000	-	-	0.052136424210296	0.051	0.051	0.000	0.000
MAPK4	0.005	0.005	0.000	0.000	-	-	0.0515266578301419	0.020	0.015	0.005	0.000
SLIT2	0.010	0.010	0.000	0.000	-	-	0.0515055056317093	0.056	0.056	0.000	0.000
C6	0.005	0.005	0.000	0.000	-	-	0.0510317867502187	0.030	0.030	0.000	0.000
EEF1A2	0.010	0.010	0.000	0.000	-	-	0.0509826621334789	0.025	0.025	0.000	0.000
WWP1	0.025	0.025	0.000	0.000	-	-	0.0500934437090054	0.066	0.066	0.000	0.000
TGFB1	0.005	0.005	0.000	0.000	-	-	0.0497043795291427	0.035	0.035	0.000	0.000
PPP2R5D	0.005	0.005	0.000	0.000	-	-	0.0492870853283264	0.025	0.025	0.000	0.000
TNFRSF13B	0.005	0.005	0.000	0.000	-	-	0.0491570436914554	0.005	0.005	0.000	0.000
GDF5	0.025	0.025	0.000	0.000	-	-	0.0487182725281163	0.045	0.045	0.000	0.000
EEF1A1	0.010	0.010	0.000	0.000	-	PC	0.0487078576632397	0.020	0.020	0.000	0.000
SNTA1	0.010	0.010	0.000	0.000	-	-	0.048442270933296	0.020	0.020	0.000	0.000
TRPV5	0.010	0.010	0.000	0.000	-	-	0.0479474486299624	0.035	0.035	0.000	0.000
MASP1	0.005	0.005	0.000	0.000	-	-	0.047481858377802	0.025	0.025	0.000	0.000
MYH2	0.005	0.005	0.000	0.000	-	-	0.0473534159967615	0.076	0.076	0.000	0.000
NEFL	0.005	0.005	0.000	0.000	-	-	0.0470653354865099	0.025	0.025	0.000	0.000
CD1E	0.005	0.005	0.000	0.000	-	-	0.0467953413513244	0.035	0.035	0.000	0.000
HSPA1L	0.005	0.005	0.000	0.000	-	-	0.0464863184557735	0.020	0.020	0.000	0.000
DGKH	0.010	0.010	0.000	0.000	-	-	0.0464068910409854	0.015	0.015	0.000	0.000
PCDHA12	0.005	0.005	0.000	0.000	-	-	0.0463092111113394	0.071	0.071	0.000	0.000
PYGB	0.005	0.005	0.000	0.000	-	-	0.0462920525624316	0.066	0.061	0.000	0.005
CLDN1	0.005	0.005	0.000	0.000	-	-	0.0461393565473749	0.005	0.005	0.000	0.000
PCDHA9	0.005	0.005	0.000	0.000	-	-	0.0456492672871356	0.040	0.040	0.000	0.000
GJD2	0.010	0.010	0.000	0.000	-	-	0.0455265390081039	0.010	0.010	0.000	0.000
PCDHGB4	0.005	0.005	0.000	0.000	-	-	0.0455240084168737	0.045	0.045	0.000	0.000
KCNJ12	0.015	0.015	0.000	0.000	-	-	0.0453321121236024	0.045	0.045	0.000	0.000
SMC4	0.005	0.005	0.000	0.000	-	-	0.0452160826418134	0.025	0.025	0.000	0.000
PCDH11X	0.005	0.005	0.000	0.000	-	-	0.0446174100495075	0.066	0.066	0.000	0.000
KCNQ4	0.005	0.005	0.000	0.000	-	-	0.0443485744253644	0.015	0.015	0.000	0.000
CHRDL2	0.005	0.005	0.000	0.000	-	-	0.0440628860987727	0.020	0.020	0.000	0.000
TRAF5	0.010	0.010	0.000	0.000	-	-	0.0435878462024738	0.015	0.015	0.000	0.000
USP9X	0.005	0.005	0.000	0.000	-	-	0.043225989520645	0.091	0.091	0.000	0.000
MUC2	0.010	0.010	0.000	0.000	-	-	0.0429407124526066	0.076	0.076	0.000	0.000
UNC5C	0.005	0.005	0.000	0.000	-	-	0.0424498628964852	0.010	0.010	0.000	0.000
DGKD	0.005	0.005	0.000	0.000	-	-	0.0416641049472392	0.040	0.040	0.000	0.000
POU3F3	0.005	0.005	0.000	0.000	-	-	0.0416045629607883	0.025	0.025	0.000	0.000
BMP7	0.010	0.010	0.000	0.000	-	-	0.0413630418823322	0.030	0.030	0.000	0.000
RAB5A	0.005	0.005	0.000	0.000	-	-	0.0412786888044453	0.015	0.015	0.000	0.000
CCNA2	0.005	0.005	0.000	0.000	-	-	0.0407711545516946	0.005	0.005	0.000	0.000
ROBO4	0.005	0.005	0.000	0.000	-	-	0.0407384487154906	0.025	0.025	0.000	0.000
TRIM71	0.015	0.015	0.000	0.000	-	-	0.040709009742106	0.045	0.045	0.000	0.000
PCDHGA4	0.005	0.005	0.000	0.000	-	-	0.0401961834470582	0.061	0.061	0.000	0.000
PCDHGA1	0.005	0.005	0.000	0.000	-	-	0.0393323851910756	0.051	0.051	0.000	0.000
ARHGAP5	0.005	0.005	0.000	0.000	-	-	0.0387525263019825	0.086	0.086	0.000	0.000
MAGEH1	0.005	0.005	0.000	0.000	-	-	0.0386140536214147	0.015	0.015	0.000	0.000
COL15A1	0.005	0.005	0.000	0.000	-	-	0.0386096269592915	0.051	0.051	0.000	0.000
GINS1	0.005	0.000	0.000	0.005	-	-	0.0385728573588201	0.010	0.005	0.000	0.005
DVL3	0.005	0.005	0.000	0.000	-	-	0.0384456778141224	0.025	0.025	0.000	0.000
PCDHB6	0.005	0.005	0.000	0.000	-	-	0.0383390167715114	0.066	0.066	0.000	0.000
CR1	0.005	0.005	0.000	0.000	-	-	0.0381678325447148	0.051	0.051	0.000	0.000
RHOBTB1	0.010	0.010	0.000	0.000	-	-	0.0375030090242588	0.030	0.030	0.000	0.000
SIRT2	0.005	0.005	0.000	0.000	-	-	0.0374406528573764	0.005	0.005	0.000	0.000
CDH8	0.005	0.005	0.000	0.000	-	-	0.0370954615396386	0.051	0.051	0.000	0.000
CALD1	0.015	0.015	0.000	0.000	-	-	0.0369564829353651	0.045	0.045	0.000	0.000
DGKB	0.005	0.005	0.000	0.000	-	-	0.0365607182187897	0.025	0.025	0.000	0.000
SPEN	0.020	0.020	0.000	0.000	-	PC	0.0365264739833659	0.051	0.051	0.000	0.000
IRAK1	0.005	0.005	0.000	0.000	-	-	0.0361893566554947	0.015	0.015	0.000	0.000
SCNN1G	0.010	0.010	0.000	0.000	-	-	0.0357047885454763	0.010	0.010	0.000	0.000
DCHS2	0.005	0.005	0.000	0.000	-	-	0.035666263764068	0.131	0.131	0.000	0.000
PCDHA1	0.005	0.005	0.000	0.000	-	-	0.0353393386446351	0.061	0.061	0.000	0.000
TRPV4	0.010	0.010	0.000	0.000	-	-	0.0347769532260685	0.030	0.030	0.000	0.000
ODZ1	0.010	0.010	0.000	0.000	-	-	0.0346307664869064	0.091	0.091	0.000	0.000
FEV	0.005	0.005	0.000	0.000	CC	-	0.0345727458206515	0.010	0.010	0.000	0.000
GRID2	0.005	0.005	0.000	0.000	-	-	0.0343855644178929	0.035	0.035	0.000	0.000
ADAMTS17	0.005	0.005	0.000	0.000	-	-	0.0342065916949026	0.030	0.030	0.000	0.000
PTPRA	0.005	0.005	0.000	0.000	-	-	0.03415172420065	0.015	0.015	0.000	0.000
TEP1	0.005	0.005	0.000	0.000	-	-	0.0339560150055089	0.086	0.086	0.000	0.000
CDON	0.010	0.010	0.000	0.000	-	-	0.0339433204314886	0.030	0.030	0.000	0.000
ISL1	0.005	0.005	0.000	0.000	-	-	0.0337396837723018	0.015	0.015	0.000	0.000
MEF2A	0.005	0.005	0.000	0.000	-	PC	0.0330333757208061	0.040	0.040	0.000	0.000
RASGRP2	0.005	0.005	0.000	0.000	-	-	0.0329508509222201	0.030	0.030	0.000	0.000
MATN1	0.010	0.010	0.000	0.000	-	-	0.0329263472595704	0.015	0.015	0.000	0.000
RGMB	0.005	0.005	0.000	0.000	-	-	0.0329258724956109	0.020	0.020	0.000	0.000
MLH1	0.010	0.010	0.000	0.000	CC	-	0.0327643421804754	0.045	0.045	0.000	0.000
BMP15	0.010	0.010	0.000	0.000	-	-	0.0324057158678622	0.010	0.010	0.000	0.000
HSPA6	0.005	0.005	0.000	0.000	-	-	0.0320215454723972	0.025	0.025	0.000	0.000
PRLR	0.010	0.010	0.000	0.000	-	-	0.0313049799572406	0.015	0.015	0.000	0.000
TLL2	0.015	0.015	0.000	0.000	-	-	0.0311212500371047	0.035	0.035	0.000	0.000
PRKAA2	0.005	0.005	0.000	0.000	-	-	0.0306785380716101	0.025	0.025	0.000	0.000
BCAR3	0.005	0.005	0.000	0.000	-	-	0.0305094353116759	0.025	0.025	0.000	0.000
RPL18A	0.005	0.005	0.000	0.000	-	-	0.0304439875165673	0.005	0.005	0.000	0.000
DTL	0.005	0.005	0.000	0.000	-	-	0.0303044451308765	0.015	0.015	0.000	0.000
WDR3	0.005	0.005	0.000	0.000	-	-	0.0302731020699475	0.015	0.015	0.000	0.000
THRB	0.005	0.005	0.000	0.000	-	-	0.0292288364921538	0.020	0.020	0.000	0.000
MAML2	0.005	0.005	0.000	0.000	CC	-	0.029122593596586	0.071	0.071	0.000	0.000
BOC	0.005	0.005	0.000	0.000	-	-	0.0291046594923891	0.035	0.035	0.000	0.000
ITPKB	0.005	0.005	0.000	0.000	-	-	0.0290998286525335	0.051	0.051	0.000	0.000
RPL27A	0.005	0.000	0.000	0.005	-	-	0.0279250478209259	0.010	0.005	0.000	0.005
PTCH1	0.005	0.005	0.000	0.000	-	-	0.0278178563583288	0.066	0.066	0.000	0.000
SNTB2	0.005	0.005	0.000	0.000	-	-	0.0271590665805763	0.025	0.025	0.000	0.000
CLDN5	0.005	0.005	0.000	0.000	-	-	0.0265280763973452	0.010	0.010	0.000	0.000
DNAJC6	0.005	0.005	0.000	0.000	-	-	0.0264247850930954	0.025	0.025	0.000	0.000
RPL11	0.005	0.005	0.000	0.000	-	-	0.026066075940978	0.005	0.005	0.000	0.000
KLRG1	0.005	0.005	0.000	0.000	-	-	0.0258561158821444	0.005	0.005	0.000	0.000
MED17	0.010	0.010	0.000	0.000	-	PC	0.0253383553414658	0.020	0.020	0.000	0.000
VARS	0.005	0.005	0.000	0.000	-	-	0.0252099562337186	0.035	0.035	0.000	0.000
PCDH9	0.005	0.005	0.000	0.000	-	-	0.0251729440101455	0.076	0.076	0.000	0.000
BMP3	0.005	0.005	0.000	0.000	-	-	0.0249090816616259	0.020	0.020	0.000	0.000
EPHA4	0.005	0.005	0.000	0.000	-	-	0.0245906227056504	0.040	0.040	0.000	0.000
TRAP1	0.005	0.005	0.000	0.000	-	-	0.0245204266298124	0.025	0.025	0.000	0.000
MTA1	0.010	0.010	0.000	0.000	-	-	0.0245046564261764	0.040	0.040	0.000	0.000
WNT3A	0.005	0.005	0.000	0.000	-	-	0.0238840531411674	0.015	0.015	0.000	0.000
INHBA	0.010	0.010	0.000	0.000	-	-	0.0238681884716385	0.030	0.030	0.000	0.000
PCDHB5	0.005	0.005	0.000	0.000	-	-	0.0236329204451941	0.051	0.051	0.000	0.000
GINS4	0.005	0.000	0.000	0.005	-	-	0.0235958322693967	0.010	0.005	0.000	0.005
GLRB	0.005	0.005	0.000	0.000	-	-	0.0234051697106325	0.035	0.035	0.000	0.000
ELN	0.005	0.005	0.000	0.000	CC	-	0.0232883331835038	0.025	0.025	0.000	0.000
HOXD4	0.005	0.005	0.000	0.000	-	-	0.0222792137041868	0.025	0.025	0.000	0.000
DCT	0.005	0.005	0.000	0.000	-	-	0.0219977826469682	0.025	0.025	0.000	0.000
RPS6KA6	0.005	0.005	0.000	0.000	-	-	0.0219770404956588	0.030	0.030	0.000	0.000
MED14	0.005	0.005	0.000	0.000	-	-	0.0213942642928595	0.030	0.030	0.000	0.000
KCNMB1	0.005	0.005	0.000	0.000	-	-	0.0212291801480289	0.010	0.010	0.000	0.000
HHIP	0.005	0.005	0.000	0.000	-	-	0.0208656517611259	0.040	0.040	0.000	0.000
BOP1	0.005	0.005	0.000	0.000	-	-	0.0207577562273231	0.005	0.005	0.000	0.000
AMH	0.010	0.010	0.000	0.000	-	-	0.0205389513414263	0.030	0.030	0.000	0.000
KCNN2	0.010	0.010	0.000	0.000	-	-	0.0205358061432391	0.010	0.010	0.000	0.000
DDR2	0.010	0.010	0.000	0.000	-	-	0.0203346252147644	0.025	0.025	0.000	0.000
GDF15	0.005	0.005	0.000	0.000	-	-	0.0202750663287734	0.030	0.030	0.000	0.000
SF3B3	0.005	0.005	0.000	0.000	-	-	0.0199878005368346	0.015	0.015	0.000	0.000
DGKG	0.005	0.005	0.000	0.000	-	-	0.0194773668015108	0.015	0.015	0.000	0.000
PGM5	0.005	0.005	0.000	0.000	-	-	0.0192169737602093	0.025	0.025	0.000	0.000
PTHLH	0.005	0.005	0.000	0.000	-	-	0.0189058783284203	0.020	0.020	0.000	0.000
TFAP2C	0.010	0.010	0.000	0.000	-	-	0.0188847678378423	0.020	0.020	0.000	0.000
CDC14A	0.010	0.010	0.000	0.000	-	-	0.0185968800078347	0.020	0.020	0.000	0.000
TGM1	0.005	0.005	0.000	0.000	-	-	0.0183381851733586	0.020	0.020	0.000	0.000
OTX2	0.005	0.005	0.000	0.000	-	-	0.0181225922822988	0.025	0.025	0.000	0.000
IL11	0.005	0.005	0.000	0.000	-	-	0.0178479184456786	0.020	0.020	0.000	0.000
GP1BA	0.005	0.005	0.000	0.000	-	-	0.017685557109498	0.025	0.025	0.000	0.000
SPOCK3	0.010	0.010	0.000	0.000	-	-	0.0176021728840054	0.025	0.025	0.000	0.000
CNTN1	0.005	0.005	0.000	0.000	-	-	0.0175621932591279	0.051	0.051	0.000	0.000
HADHA	0.005	0.005	0.000	0.000	-	-	0.0174396885323143	0.025	0.025	0.000	0.000
RGL2	0.005	0.005	0.000	0.000	-	-	0.0174223382981367	0.045	0.045	0.000	0.000
BCR	0.005	0.005	0.000	0.000	CC	-	0.0172486915886613	0.030	0.030	0.000	0.000
FRY	0.010	0.010	0.000	0.000	-	-	0.0171702422360849	0.101	0.101	0.000	0.000
LHX2	0.010	0.010	0.000	0.000	-	-	0.0166375614196116	0.020	0.020	0.000	0.000
SP100	0.005	0.005	0.000	0.000	-	-	0.0164090472018178	0.040	0.040	0.000	0.000
HSPA2	0.005	0.005	0.000	0.000	-	-	0.0162440096182679	0.035	0.035	0.000	0.000
BMP5	0.010	0.010	0.000	0.000	-	-	0.0161955799144536	0.010	0.010	0.000	0.000
OBSCN	0.005	0.005	0.000	0.000	-	-	0.016135463804665	0.278	0.278	0.000	0.000
CDKN2C	0.005	0.005	0.000	0.000	CC	PC	0.0161280769330999	0.010	0.010	0.000	0.000
GEMIN4	0.005	0.005	0.000	0.000	-	-	0.0160571887345963	0.025	0.025	0.000	0.000
TNPO2	0.005	0.005	0.000	0.000	-	-	0.0152261984438048	0.020	0.020	0.000	0.000
TLR4	0.005	0.005	0.000	0.000	-	-	0.0152093843346033	0.020	0.020	0.000	0.000
JMJD1C	0.005	0.005	0.000	0.000	-	-	0.0151169011236789	0.035	0.035	0.000	0.000
SNRPB2	0.005	0.005	0.000	0.000	-	-	0.0150330888013083	0.010	0.010	0.000	0.000
TAF1L	0.005	0.005	0.000	0.000	-	-	0.0149466600386194	0.081	0.081	0.000	0.000
HLTF	0.005	0.005	0.000	0.000	-	-	0.0148118352021219	0.010	0.010	0.000	0.000
FAF1	0.005	0.005	0.000	0.000	-	-	0.0144276951052768	0.025	0.025	0.000	0.000
MCM3AP	0.010	0.010	0.000	0.000	-	-	0.0143891393284359	0.045	0.045	0.000	0.000
SPTBN2	0.005	0.005	0.000	0.000	-	-	0.01435652459486	0.061	0.061	0.000	0.000
CFHR4	0.005	0.005	0.000	0.000	-	-	0.0141360496506321	0.035	0.035	0.000	0.000
PTBP1	0.005	0.005	0.000	0.000	-	-	0.014042344621556	0.025	0.025	0.000	0.000
PPL	0.005	0.005	0.000	0.000	-	-	0.0140249336484822	0.056	0.056	0.000	0.000
CR2	0.005	0.005	0.000	0.000	-	-	0.0139789530648391	0.030	0.030	0.000	0.000
MYL1	0.010	0.010	0.000	0.000	-	-	0.0137683980634332	0.040	0.040	0.000	0.000
GABRB1	0.005	0.005	0.000	0.000	-	-	0.0136887570293424	0.015	0.015	0.000	0.000
PRMT2	0.005	0.005	0.000	0.000	-	-	0.0134638134900836	0.020	0.020	0.000	0.000
LATS2	0.005	0.005	0.000	0.000	-	-	0.0134444637102131	0.101	0.101	0.000	0.000
AGAP2	0.005	0.005	0.000	0.000	-	-	0.0132710965557205	0.015	0.015	0.000	0.000
ANXA11	0.005	0.005	0.000	0.000	-	-	0.0131179690065962	0.025	0.025	0.000	0.000
FEZ1	0.005	0.005	0.000	0.000	-	-	0.0129727247914667	0.010	0.010	0.000	0.000
TTF1	0.005	0.005	0.000	0.000	-	-	0.0129186821716719	0.045	0.045	0.000	0.000
RBMX	0.005	0.005	0.000	0.000	-	PC	0.0128931832280091	0.040	0.040	0.000	0.000
SSTR4	0.005	0.005	0.000	0.000	-	-	0.0128725574558462	0.051	0.045	0.000	0.005
BCL2L14	0.005	0.005	0.000	0.000	-	-	0.0126315955464611	0.015	0.015	0.000	0.000
DHX37	0.005	0.005	0.000	0.000	-	-	0.0125923355640612	0.035	0.035	0.000	0.000
RALGDS	0.005	0.005	0.000	0.000	CC	-	0.0125688356223364	0.020	0.020	0.000	0.000
CHD1	0.010	0.010	0.000	0.000	-	-	0.012348533465014	0.051	0.051	0.000	0.000
OPRD1	0.010	0.010	0.000	0.000	-	-	0.01217957715517	0.111	0.111	0.000	0.000
PHKB	0.005	0.005	0.000	0.000	-	-	0.0120576574463027	0.025	0.025	0.000	0.000
RIT2	0.005	0.005	0.000	0.000	-	-	0.0118469607746473	0.015	0.015	0.000	0.000
CREB3	0.005	0.005	0.000	0.000	-	-	0.0117413585894439	0.010	0.010	0.000	0.000
TARBP2	0.005	0.005	0.000	0.000	-	-	0.0116434146424956	0.015	0.015	0.000	0.000
MYLK3	0.005	0.005	0.000	0.000	-	-	0.0116126846697967	0.010	0.010	0.000	0.000
HNRNPK	0.005	0.005	0.000	0.000	-	-	0.0114972683039279	0.015	0.015	0.000	0.000
PDC	0.005	0.005	0.000	0.000	-	-	0.0114916777623271	0.010	0.010	0.000	0.000
MUSK	0.005	0.005	0.000	0.000	-	-	0.0113289249859393	0.040	0.040	0.000	0.000
EFTUD2	0.005	0.005	0.000	0.000	-	-	0.0112424783035017	0.015	0.015	0.000	0.000
CHD6	0.005	0.005	0.000	0.000	-	-	0.011054560953908	0.061	0.061	0.000	0.000
ULK1	0.005	0.005	0.000	0.000	-	-	0.0109083270761349	0.035	0.035	0.000	0.000
PHF17	0.005	0.005	0.000	0.000	-	-	0.0108660057001975	0.035	0.035	0.000	0.000
AATK	0.005	0.005	0.000	0.000	-	-	0.0107410605474399	0.051	0.051	0.000	0.000
LZTS1	0.005	0.005	0.000	0.000	-	-	0.0104606242582082	0.025	0.025	0.000	0.000
SORBS3	0.005	0.005	0.000	0.000	-	-	0.0103748060318588	0.015	0.015	0.000	0.000
PARVG	0.005	0.005	0.000	0.000	-	-	0.0102792925982505	0.020	0.020	0.000	0.000
MITF	0.005	0.005	0.000	0.000	CC	-	0.0102468232120114	0.030	0.030	0.000	0.000
PCDHGA10	0.005	0.005	0.000	0.000	-	-	0.010225053806378	0.035	0.035	0.000	0.000
PRKAG1	0.005	0.005	0.000	0.000	-	-	0.0101612855629677	0.015	0.015	0.000	0.000
AKAP11	0.005	0.005	0.000	0.000	-	-	0.0101151085252711	0.056	0.056	0.000	0.000
CHRNG	0.005	0.005	0.000	0.000	-	-	0.0100771177391844	0.020	0.020	0.000	0.000
RIF1	0.005	0.005	0.000	0.000	-	-	0.00984997640091869	0.056	0.056	0.000	0.000
GDF2	0.005	0.005	0.000	0.000	-	-	0.00975949085384611	0.035	0.035	0.000	0.000
SFTPB	0.005	0.005	0.000	0.000	-	-	0.00952607850273848	0.015	0.015	0.000	0.000
CDH17	0.005	0.005	0.000	0.000	-	-	0.00929401084821591	0.035	0.035	0.000	0.000
KLF4	0.005	0.005	0.000	0.000	-	-	0.00879206702775333	0.015	0.015	0.000	0.000
LIPE	0.005	0.005	0.000	0.000	-	-	0.00876487190427212	0.020	0.020	0.000	0.000
SMARCA1	0.005	0.005	0.000	0.000	-	-	0.00872016609196798	0.045	0.045	0.000	0.000
PLCB2	0.005	0.005	0.000	0.000	-	-	0.00861258023834202	0.010	0.010	0.000	0.000
ETV7	0.005	0.005	0.000	0.000	-	-	0.00859971597107934	0.010	0.010	0.000	0.000
CARD11	0.005	0.005	0.000	0.000	CC	-	0.00856002119592232	0.040	0.040	0.000	0.000
ING4	0.005	0.005	0.000	0.000	-	-	0.00849479261484096	0.010	0.010	0.000	0.000
VDAC1	0.005	0.005	0.000	0.000	-	-	0.00819538629321495	0.015	0.015	0.000	0.000
REL	0.005	0.005	0.000	0.000	CC	-	0.00815689899310439	0.005	0.005	0.000	0.000
RFX4	0.005	0.005	0.000	0.000	-	-	0.00814152750529889	0.030	0.030	0.000	0.000
LOR	0.005	0.005	0.000	0.000	-	-	0.00777731598060727	0.020	0.020	0.000	0.000
GDF9	0.005	0.005	0.000	0.000	-	-	0.00766982958125303	0.020	0.020	0.000	0.000
TBXAS1	0.005	0.005	0.000	0.000	-	-	0.00747578998034889	0.020	0.020	0.000	0.000
GPR50	0.005	0.005	0.000	0.000	-	-	0.00741493861998333	0.035	0.035	0.000	0.000
ANTXR1	0.005	0.005	0.000	0.000	-	-	0.00738295234726061	0.030	0.030	0.000	0.000
LYAR	0.005	0.005	0.000	0.000	-	-	0.00722865138355106	0.025	0.025	0.000	0.000
DDX20	0.005	0.005	0.000	0.000	-	-	0.00717715934634273	0.020	0.020	0.000	0.000
PDCD4	0.005	0.005	0.000	0.000	-	-	0.007141451685065	0.015	0.015	0.000	0.000
GFM1	0.005	0.005	0.000	0.000	-	-	0.0070886348171051	0.020	0.020	0.000	0.000
SMO	0.005	0.005	0.000	0.000	CC	-	0.00705297024690879	0.020	0.020	0.000	0.000
CASP9	0.005	0.005	0.000	0.000	-	-	0.00698333233092843	0.035	0.035	0.000	0.000
ING1	0.005	0.005	0.000	0.000	-	-	0.00690371038249752	0.035	0.035	0.000	0.000
CCT4	0.005	0.005	0.000	0.000	-	-	0.00677963283488359	0.005	0.005	0.000	0.000
PTPN1	0.005	0.005	0.000	0.000	-	-	0.00670626368218056	0.025	0.025	0.000	0.000
WHSC2	0.005	0.005	0.000	0.000	-	-	0.00669076509975854	0.020	0.020	0.000	0.000
ARMC6	0.005	0.005	0.000	0.000	-	-	0.00663027304181717	0.005	0.005	0.000	0.000
SPHK2	0.005	0.005	0.000	0.000	-	-	0.00655736228904076	0.020	0.020	0.000	0.000
TAOK3	0.005	0.005	0.000	0.000	-	-	0.00621823007235172	0.040	0.040	0.000	0.000
TULP2	0.005	0.005	0.000	0.000	-	-	0.00601214127911434	0.015	0.015	0.000	0.000
E2F6	0.005	0.005	0.000	0.000	-	-	0.00593800473817874	0.005	0.005	0.000	0.000
HSF1	0.005	0.005	0.000	0.000	-	-	0.00576609551150197	0.010	0.010	0.000	0.000
EPS8	0.005	0.005	0.000	0.000	-	-	0.00572796776504348	0.015	0.015	0.000	0.000
GTF2A1L	0.005	0.005	0.000	0.000	-	-	0.00564507356099126	0.015	0.015	0.000	0.000
APEX1	0.005	0.005	0.000	0.000	-	-	0.00559439143270248	0.020	0.020	0.000	0.000
MAST2	0.005	0.005	0.000	0.000	-	PC	0.00545746855200045	0.056	0.056	0.000	0.000
FKBP4	0.005	0.005	0.000	0.000	-	-	0.00529160137706273	0.015	0.015	0.000	0.000
MTA2	0.005	0.005	0.000	0.000	-	-	0.00517752074601662	0.030	0.030	0.000	0.000
XPO5	0.005	0.005	0.000	0.000	-	-	0.00516932041982404	0.020	0.020	0.000	0.000
ROS1	0.005	0.005	0.000	0.000	CC	-	0.00514997976638202	0.086	0.086	0.000	0.000
GMEB1	0.005	0.005	0.000	0.000	-	-	0.00511784118521687	0.015	0.015	0.000	0.000
