GENE	DRIVER_FREQUENCY	DRIVER_SNV_FREQUENCY	DRIVER_DELTION_FREQUENCY	DRIVER_AMPLIFICATION_FREQUENCY	CANCER_CENSUS	PAN_CANCER	IMPACT	MUTATION_FREQUENCY	SNV_FREQUENCY	DELTION_FREQUENCY	AMPLIFICATION_FREQUENCY
TP53	0.087	0.087	0.000	0.000	CC	PC	24.841776441937	0.087	0.087	0.000	0.000
TTN	0.151	0.151	0.000	0.000	-	-	23.0183854246478	0.151	0.151	0.000	0.000
CTNNB1	0.036	0.036	0.000	0.000	CC	PC	19.2078404957968	0.036	0.036	0.000	0.000
PIK3CA	0.036	0.036	0.000	0.000	CC	PC	16.5841867043699	0.036	0.036	0.000	0.000
NCOA2	0.012	0.000	0.000	0.012	CC	-	11.8715733901772	0.012	0.000	0.000	0.012
COL11A1	0.028	0.028	0.000	0.000	-	-	11.2848639007088	0.028	0.028	0.000	0.000
FGFR1	0.012	0.000	0.004	0.008	CC	-	11.2191959944624	0.012	0.000	0.004	0.008
DMD	0.036	0.012	0.012	0.012	-	PC	10.1643934829579	0.036	0.012	0.012	0.012
COL22A1	0.020	0.016	0.000	0.004	-	-	9.69285152654724	0.020	0.016	0.000	0.004
PTEN	0.040	0.036	0.004	0.000	CC	PC	9.05538278609325	0.052	0.048	0.004	0.000
PRKDC	0.032	0.024	0.000	0.008	-	-	8.28917328737964	0.036	0.028	0.000	0.008
CDH1	0.012	0.012	0.000	0.000	CC	PC	7.94834931255014	0.012	0.012	0.000	0.000
LAMA4	0.024	0.020	0.004	0.000	-	-	7.40865741438947	0.024	0.020	0.004	0.000
FGFR2	0.008	0.008	0.000	0.000	CC	PC	7.34061975202681	0.008	0.008	0.000	0.000
TLN1	0.008	0.004	0.000	0.004	-	-	7.29514663909429	0.008	0.004	0.000	0.004
FANCG	0.008	0.004	0.000	0.004	CC	-	6.38157902525373	0.008	0.004	0.000	0.004
PRKG1	0.004	0.004	0.000	0.000	-	-	6.36713081172913	0.004	0.004	0.000	0.000
EP300	0.016	0.016	0.000	0.000	CC	PC	6.27232290978469	0.016	0.016	0.000	0.000
HSPG2	0.016	0.016	0.000	0.000	-	-	6.20783624395368	0.028	0.028	0.000	0.000
LRP5	0.008	0.004	0.000	0.004	-	-	6.11765408159869	0.012	0.008	0.000	0.004
CACNA1S	0.008	0.008	0.000	0.000	-	-	6.06344276032392	0.008	0.008	0.000	0.000
PENK	0.008	0.000	0.000	0.008	-	-	5.99555898332866	0.008	0.000	0.000	0.008
CTTN	0.008	0.004	0.000	0.004	-	PC	5.88660535010051	0.008	0.004	0.000	0.004
RAB2A	0.004	0.000	0.000	0.004	-	-	5.87601440684853	0.012	0.000	0.000	0.012
COL14A1	0.004	0.000	0.000	0.004	-	-	5.87601440684853	0.012	0.004	0.000	0.008
CCND1	0.004	0.000	0.000	0.004	CC	PC	5.87601440684853	0.004	0.000	0.000	0.004
ASH2L	0.004	0.000	0.000	0.004	-	-	5.87601440684853	0.016	0.000	0.008	0.008
ATM	0.044	0.044	0.000	0.000	CC	PC	5.5278123502732	0.048	0.048	0.000	0.000
STAT3	0.020	0.020	0.000	0.000	-	PC	5.37338299619207	0.024	0.024	0.000	0.000
NOTCH3	0.012	0.012	0.000	0.000	-	-	5.33217281684886	0.012	0.012	0.000	0.000
RNF13	0.008	0.008	0.000	0.000	-	-	5.1388004750243	0.008	0.008	0.000	0.000
PTK2B	0.008	0.000	0.008	0.000	-	-	4.94174735256338	0.008	0.000	0.008	0.000
MED13	0.012	0.012	0.000	0.000	-	PC	4.79942244979918	0.012	0.012	0.000	0.000
RIPK2	0.024	0.008	0.000	0.016	-	-	4.73081455200796	0.024	0.008	0.000	0.016
RPS27A	0.008	0.008	0.000	0.000	-	-	4.60492016538483	0.008	0.008	0.000	0.000
NTRK1	0.008	0.008	0.000	0.000	CC	-	4.59565398412824	0.012	0.012	0.000	0.000
ITGAV	0.008	0.008	0.000	0.000	-	-	4.53158171676494	0.008	0.008	0.000	0.000
GLI1	0.012	0.012	0.000	0.000	-	-	4.32316544176752	0.012	0.012	0.000	0.000
TJP2	0.012	0.012	0.000	0.000	-	PC	4.25577968731534	0.012	0.012	0.000	0.000
RYR2	0.040	0.040	0.000	0.000	-	-	4.169149457142	0.040	0.040	0.000	0.000
SMAD9	0.008	0.004	0.004	0.000	-	-	3.95673274104717	0.008	0.004	0.004	0.000
RB1	0.008	0.008	0.000	0.000	CC	PC	3.76489332403686	0.008	0.008	0.000	0.000
LAMA2	0.012	0.012	0.000	0.000	-	-	3.69517361148246	0.012	0.012	0.000	0.000
ADAM9	0.012	0.008	0.000	0.004	-	-	3.67149567608072	0.024	0.008	0.004	0.012
NTN1	0.004	0.004	0.000	0.000	-	-	3.57661360062484	0.004	0.004	0.000	0.000
MAP3K5	0.004	0.004	0.000	0.000	-	-	3.57661360062484	0.004	0.004	0.000	0.000
GLI2	0.012	0.008	0.004	0.000	-	-	3.56209883413957	0.012	0.008	0.004	0.000
ITPR2	0.012	0.012	0.000	0.000	-	-	3.54785338695483	0.012	0.012	0.000	0.000
SP100	0.004	0.004	0.000	0.000	-	-	3.50296140444647	0.008	0.008	0.000	0.000
MPP1	0.004	0.004	0.000	0.000	-	-	3.50296140444647	0.004	0.004	0.000	0.000
MYC	0.012	0.008	0.000	0.004	CC	-	3.40849063926306	0.012	0.008	0.000	0.004
LRP1B	0.012	0.012	0.000	0.000	-	-	3.40667772506951	0.028	0.028	0.000	0.000
SNTB1	0.008	0.004	0.000	0.004	-	-	3.34891490599075	0.008	0.004	0.000	0.004
ERCC2	0.008	0.008	0.000	0.000	CC	PC	3.29013255376017	0.008	0.008	0.000	0.000
LAMB1	0.020	0.016	0.000	0.004	-	-	3.28207600577886	0.020	0.016	0.000	0.004
RHOB	0.004	0.004	0.000	0.000	-	-	3.23497394374328	0.004	0.004	0.000	0.000
LYN	0.004	0.000	0.000	0.004	-	PC	3.23497394374328	0.008	0.000	0.000	0.008
SP1	0.004	0.004	0.000	0.000	-	-	3.16201927463587	0.004	0.004	0.000	0.000
NRG1	0.008	0.004	0.004	0.000	-	-	2.9837234499456	0.016	0.008	0.008	0.000
SMAD4	0.008	0.008	0.000	0.000	-	PC	2.96699906147906	0.012	0.012	0.000	0.000
COL27A1	0.008	0.008	0.000	0.000	-	-	2.94992964107399	0.012	0.012	0.000	0.000
PCDHA10	0.020	0.016	0.004	0.000	-	-	2.88917982883212	0.020	0.016	0.004	0.000
KCNH5	0.004	0.004	0.000	0.000	-	-	2.86605485567594	0.016	0.016	0.000	0.000
CTNNA2	0.012	0.012	0.000	0.000	-	-	2.86097144532534	0.012	0.012	0.000	0.000
ITGA3	0.008	0.008	0.000	0.000	-	-	2.82193133173222	0.008	0.008	0.000	0.000
LRP1	0.028	0.028	0.000	0.000	-	-	2.80896957065604	0.028	0.028	0.000	0.000
MCM4	0.008	0.004	0.000	0.004	-	-	2.78370575788311	0.016	0.008	0.000	0.008
CEBPD	0.004	0.000	0.000	0.004	-	-	2.76058503958538	0.008	0.000	0.000	0.008
COL6A3	0.020	0.020	0.000	0.000	-	-	2.68985944923003	0.020	0.020	0.000	0.000
ROCK1	0.016	0.016	0.000	0.000	-	-	2.39706404458042	0.020	0.020	0.000	0.000
ACTA2	0.016	0.000	0.016	0.000	-	-	2.37897786048658	0.016	0.000	0.016	0.000
PTPRA	0.008	0.008	0.000	0.000	-	-	2.37120536064006	0.012	0.012	0.000	0.000
ROBO1	0.012	0.012	0.000	0.000	-	-	2.35568601102024	0.020	0.020	0.000	0.000
TGFBR1	0.008	0.008	0.000	0.000	-	-	2.34986129214485	0.008	0.008	0.000	0.000
VWF	0.004	0.004	0.000	0.000	-	-	2.29671187755554	0.016	0.016	0.000	0.000
KCNQ2	0.004	0.004	0.000	0.000	-	-	2.29671187755554	0.004	0.004	0.000	0.000
HOXA10	0.012	0.004	0.000	0.008	-	-	2.28819900554538	0.012	0.004	0.000	0.008
PCDHB7	0.008	0.008	0.000	0.000	-	-	2.25383869058232	0.012	0.012	0.000	0.000
CREBBP	0.016	0.016	0.000	0.000	CC	-	2.24265625732263	0.016	0.016	0.000	0.000
GRIK2	0.008	0.004	0.004	0.000	-	-	2.2236277737616	0.008	0.004	0.004	0.000
HDAC2	0.008	0.004	0.004	0.000	-	-	2.21049358670824	0.012	0.008	0.004	0.000
COL18A1	0.016	0.016	0.000	0.000	-	PC	2.18685031321511	0.016	0.016	0.000	0.000
FYN	0.004	0.000	0.004	0.000	-	-	2.181162312978	0.004	0.000	0.004	0.000
ST8SIA4	0.020	0.004	0.016	0.000	-	-	2.14580198195945	0.024	0.008	0.016	0.000
COL12A1	0.016	0.016	0.000	0.000	-	-	2.13972010592122	0.016	0.016	0.000	0.000
VAV1	0.008	0.008	0.000	0.000	-	-	2.05676725398412	0.008	0.008	0.000	0.000
FN1	0.008	0.008	0.000	0.000	-	PC	1.97658199699653	0.008	0.008	0.000	0.000
RXRB	0.008	0.008	0.000	0.000	-	-	1.97371006939112	0.008	0.008	0.000	0.000
GRIA1	0.008	0.008	0.000	0.000	-	-	1.95634319827185	0.016	0.016	0.000	0.000
SCNN1B	0.008	0.008	0.000	0.000	-	-	1.952980274737	0.008	0.008	0.000	0.000
RBBP7	0.012	0.000	0.000	0.012	-	-	1.94694281100128	0.016	0.000	0.000	0.016
RARB	0.008	0.008	0.000	0.000	-	-	1.89270756699923	0.008	0.008	0.000	0.000
NOTCH2	0.016	0.016	0.000	0.000	CC	-	1.86738593054119	0.016	0.016	0.000	0.000
SOS1	0.004	0.004	0.000	0.000	-	PC	1.85230679326253	0.004	0.004	0.000	0.000
NOTCH1	0.004	0.004	0.000	0.000	CC	PC	1.85230679326253	0.008	0.008	0.000	0.000
GNAI1	0.004	0.004	0.000	0.000	-	PC	1.85230679326253	0.004	0.004	0.000	0.000
TRPC1	0.004	0.000	0.000	0.004	-	-	1.78217189198776	0.004	0.000	0.000	0.004
NCK1	0.004	0.000	0.000	0.004	-	-	1.78217189198776	0.004	0.000	0.000	0.004
GATA2	0.004	0.000	0.000	0.004	CC	-	1.78217189198776	0.004	0.000	0.000	0.004
CLDN18	0.004	0.000	0.000	0.004	-	-	1.78217189198776	0.004	0.000	0.000	0.004
ANK1	0.016	0.016	0.000	0.000	-	-	1.76905090092872	0.016	0.016	0.000	0.000
HTT	0.012	0.012	0.000	0.000	-	-	1.75420425946055	0.012	0.012	0.000	0.000
DST	0.008	0.008	0.000	0.000	-	-	1.72140970346278	0.020	0.020	0.000	0.000
RAC2	0.004	0.004	0.000	0.000	-	-	1.71103575859607	0.004	0.004	0.000	0.000
KCNJ12	0.004	0.004	0.000	0.000	-	-	1.71103575859607	0.004	0.004	0.000	0.000
CDH2	0.004	0.004	0.000	0.000	-	-	1.71103575859607	0.004	0.004	0.000	0.000
MMP16	0.008	0.008	0.000	0.000	-	-	1.68562438276811	0.020	0.008	0.000	0.012
SDC4	0.004	0.000	0.000	0.004	CC	-	1.6820537804941	0.004	0.000	0.000	0.004
MYH10	0.012	0.012	0.000	0.000	-	-	1.63908460985003	0.012	0.012	0.000	0.000
COL3A1	0.008	0.008	0.000	0.000	-	-	1.62856855779285	0.008	0.008	0.000	0.000
RELA	0.008	0.008	0.000	0.000	-	-	1.6272433971154	0.008	0.008	0.000	0.000
ITGA6	0.008	0.008	0.000	0.000	-	PC	1.60313692342764	0.008	0.008	0.000	0.000
NCOR1	0.020	0.020	0.000	0.000	-	PC	1.5958933481898	0.024	0.024	0.000	0.000
NDUFS3	0.004	0.004	0.000	0.000	-	-	1.58778972105208	0.004	0.004	0.000	0.000
CD27	0.004	0.004	0.000	0.000	-	-	1.58778972105208	0.004	0.004	0.000	0.000
CACNA1H	0.004	0.004	0.000	0.000	-	-	1.58778972105208	0.008	0.008	0.000	0.000
PKD1	0.008	0.008	0.000	0.000	-	-	1.56700481889174	0.024	0.024	0.000	0.000
PIK3CG	0.016	0.012	0.000	0.004	-	PC	1.56540099558935	0.016	0.012	0.000	0.004
KRT15	0.008	0.008	0.000	0.000	-	-	1.55443765942114	0.008	0.008	0.000	0.000
ITGA2B	0.008	0.008	0.000	0.000	-	-	1.52496231112952	0.012	0.012	0.000	0.000
GNAS	0.004	0.004	0.000	0.000	CC	PC	1.51998272351421	0.008	0.008	0.000	0.000
HOXA5	0.008	0.000	0.000	0.008	-	-	1.51692753923731	0.008	0.000	0.000	0.008
TRPC4	0.016	0.012	0.004	0.000	-	-	1.5082357040484	0.016	0.012	0.004	0.000
PCDHA5	0.008	0.008	0.000	0.000	-	-	1.49149957270504	0.012	0.012	0.000	0.000
MYLK	0.008	0.008	0.000	0.000	-	-	1.47861723094132	0.012	0.012	0.000	0.000
EGFR	0.008	0.008	0.000	0.000	CC	PC	1.47604741806125	0.008	0.008	0.000	0.000
ITGA9	0.008	0.008	0.000	0.000	-	-	1.47339142962736	0.008	0.008	0.000	0.000
SYNJ1	0.004	0.004	0.000	0.000	-	-	1.45940573390183	0.008	0.008	0.000	0.000
CTBP1	0.004	0.000	0.000	0.004	-	-	1.45940573390183	0.004	0.000	0.000	0.004
FLT1	0.008	0.008	0.000	0.000	-	-	1.45925053165123	0.008	0.008	0.000	0.000
GRIN2C	0.004	0.004	0.000	0.000	-	-	1.44664844567879	0.004	0.004	0.000	0.000
TRAF2	0.004	0.004	0.000	0.000	-	-	1.43363470949237	0.008	0.008	0.000	0.000
MMP24	0.004	0.004	0.000	0.000	-	-	1.43363470949237	0.004	0.004	0.000	0.000
PRKACA	0.004	0.004	0.000	0.000	-	-	1.43316284352927	0.004	0.004	0.000	0.000
NEDD9	0.004	0.004	0.000	0.000	-	-	1.43316284352927	0.004	0.004	0.000	0.000
L1CAM	0.008	0.008	0.000	0.000	-	-	1.43307641058516	0.012	0.012	0.000	0.000
ZAP70	0.004	0.004	0.000	0.000	-	-	1.41175026269525	0.008	0.008	0.000	0.000
PRKX	0.016	0.008	0.000	0.008	-	-	1.39752910025178	0.020	0.008	0.004	0.008
ITGA10	0.004	0.004	0.000	0.000	-	-	1.36705736240141	0.004	0.004	0.000	0.000
CDH3	0.016	0.012	0.004	0.000	-	-	1.35794302198279	0.016	0.012	0.004	0.000
ZFHX3	0.024	0.024	0.000	0.000	-	PC	1.35760590111238	0.028	0.028	0.000	0.000
AXIN2	0.004	0.004	0.000	0.000	-	PC	1.3574383698459	0.008	0.008	0.000	0.000
NEB	0.012	0.012	0.000	0.000	-	PC	1.35654332739249	0.020	0.020	0.000	0.000
VAMP3	0.004	0.000	0.004	0.000	-	-	1.34326039833492	0.004	0.000	0.004	0.000
GRIN2A	0.024	0.024	0.000	0.000	-	-	1.34142249957863	0.024	0.024	0.000	0.000
PCDHA1	0.012	0.012	0.000	0.000	-	-	1.33437487505714	0.012	0.012	0.000	0.000
RPS6KA1	0.004	0.004	0.000	0.000	-	-	1.31387884779465	0.004	0.004	0.000	0.000
PI4KB	0.004	0.004	0.000	0.000	-	-	1.31387884779465	0.008	0.008	0.000	0.000
MYBPC2	0.012	0.012	0.000	0.000	-	-	1.31163866730129	0.016	0.016	0.000	0.000
ITGA11	0.008	0.008	0.000	0.000	-	-	1.31118463321883	0.008	0.008	0.000	0.000
STK25	0.004	0.004	0.000	0.000	-	-	1.30194860821801	0.004	0.004	0.000	0.000
STAT6	0.004	0.004	0.000	0.000	-	-	1.30194860821801	0.008	0.008	0.000	0.000
SEC24D	0.004	0.004	0.000	0.000	-	-	1.30194860821801	0.004	0.004	0.000	0.000
KCNA3	0.012	0.012	0.000	0.000	-	-	1.29916837820082	0.016	0.016	0.000	0.000
CGN	0.004	0.004	0.000	0.000	-	-	1.27975607377862	0.008	0.008	0.000	0.000
TLE1	0.004	0.004	0.000	0.000	-	-	1.27782917039098	0.004	0.004	0.000	0.000
GRIN2B	0.012	0.012	0.000	0.000	-	-	1.24066883191928	0.012	0.012	0.000	0.000
MMP9	0.004	0.004	0.000	0.000	-	-	1.24038036313535	0.008	0.004	0.000	0.004
ESR1	0.004	0.004	0.000	0.000	-	PC	1.24038036313535	0.004	0.004	0.000	0.000
ADAMTS7	0.004	0.004	0.000	0.000	-	-	1.23377154077794	0.012	0.012	0.000	0.000
FAT2	0.020	0.020	0.000	0.000	-	-	1.22667294261194	0.020	0.020	0.000	0.000
RECQL4	0.004	0.004	0.000	0.000	CC	-	1.21618991597548	0.012	0.008	0.000	0.004
GRB2	0.004	0.004	0.000	0.000	-	-	1.21618991597548	0.004	0.004	0.000	0.000
GRIN1	0.008	0.004	0.000	0.004	-	-	1.21406042607539	0.008	0.004	0.000	0.004
RAI14	0.008	0.008	0.000	0.000	-	-	1.20969820980527	0.008	0.008	0.000	0.000
COL4A3	0.004	0.004	0.000	0.000	-	-	1.19614770146179	0.004	0.004	0.000	0.000
SUPT16H	0.004	0.004	0.000	0.000	-	-	1.18151749089975	0.004	0.004	0.000	0.000
MEFV	0.004	0.004	0.000	0.000	-	-	1.18151749089975	0.012	0.012	0.000	0.000
FLNC	0.004	0.004	0.000	0.000	-	-	1.18151749089975	0.004	0.004	0.000	0.000
PCDH15	0.020	0.020	0.000	0.000	-	-	1.14955057611888	0.024	0.024	0.000	0.000
TOP2B	0.008	0.008	0.000	0.000	-	-	1.14774866387228	0.008	0.008	0.000	0.000
SHANK2	0.008	0.008	0.000	0.000	-	-	1.14222642851058	0.016	0.016	0.000	0.000
TGFB1I1	0.004	0.004	0.000	0.000	-	-	1.13676176818202	0.004	0.004	0.000	0.000
MAPK1	0.004	0.004	0.000	0.000	-	-	1.13676176818202	0.004	0.004	0.000	0.000
APBA1	0.004	0.004	0.000	0.000	-	-	1.13676176818202	0.004	0.004	0.000	0.000
VEGFA	0.004	0.004	0.000	0.000	-	-	1.1300130041936	0.008	0.008	0.000	0.000
PKD2	0.004	0.004	0.000	0.000	-	-	1.1300130041936	0.004	0.004	0.000	0.000
ITGB8	0.008	0.004	0.000	0.004	-	-	1.11458306921895	0.008	0.004	0.000	0.004
NBN	0.004	0.004	0.000	0.000	-	-	1.10511615360218	0.004	0.004	0.000	0.000
YWHAZ	0.004	0.000	0.000	0.004	-	-	1.10010364671741	0.012	0.000	0.000	0.012
SDC2	0.004	0.000	0.000	0.004	-	-	1.10010364671741	0.008	0.000	0.000	0.008
GLI3	0.004	0.004	0.000	0.000	-	-	1.08444962168393	0.004	0.004	0.000	0.000
GTF2H2	0.016	0.000	0.000	0.016	-	-	1.06999558994244	0.032	0.000	0.000	0.032
ACTG1	0.004	0.004	0.000	0.000	-	-	1.05867297765447	0.004	0.004	0.000	0.000
VHL	0.004	0.004	0.000	0.000	CC	PC	1.04626126066675	0.004	0.004	0.000	0.000
IRS1	0.004	0.004	0.000	0.000	-	-	1.04626126066675	0.004	0.004	0.000	0.000
CNTN2	0.004	0.004	0.000	0.000	-	-	1.04626126066675	0.004	0.004	0.000	0.000
RYR3	0.012	0.012	0.000	0.000	-	-	1.01260459979482	0.020	0.020	0.000	0.000
FASN	0.004	0.004	0.000	0.000	-	-	0.99783017364804	0.004	0.004	0.000	0.000
COL9A2	0.008	0.008	0.000	0.000	-	-	0.983287999581239	0.008	0.008	0.000	0.000
PLXNB1	0.004	0.004	0.000	0.000	-	-	0.982440629422167	0.004	0.004	0.000	0.000
RIPK1	0.004	0.004	0.000	0.000	-	-	0.974003573650905	0.004	0.004	0.000	0.000
CDH8	0.012	0.012	0.000	0.000	-	-	0.972224606087285	0.016	0.016	0.000	0.000
PCDHA13	0.016	0.016	0.000	0.000	-	-	0.959037539496471	0.016	0.016	0.000	0.000
LRP2	0.008	0.008	0.000	0.000	-	-	0.958490719118217	0.008	0.008	0.000	0.000
MIB2	0.004	0.004	0.000	0.000	-	-	0.954968116140107	0.004	0.004	0.000	0.000
LAMC1	0.004	0.004	0.000	0.000	-	-	0.954968116140107	0.008	0.008	0.000	0.000
CDH5	0.012	0.012	0.000	0.000	-	-	0.937028036654592	0.016	0.016	0.000	0.000
CASP1	0.008	0.008	0.000	0.000	-	-	0.904701179464962	0.008	0.008	0.000	0.000
PCSK6	0.004	0.004	0.000	0.000	-	-	0.884594984712698	0.004	0.004	0.000	0.000
ITGB4	0.004	0.004	0.000	0.000	-	-	0.884594984712698	0.008	0.008	0.000	0.000
ACTC1	0.008	0.008	0.000	0.000	-	-	0.880588691122833	0.008	0.008	0.000	0.000
LILRB1	0.004	0.004	0.000	0.000	-	-	0.869735336683472	0.012	0.012	0.000	0.000
LAMA1	0.012	0.012	0.000	0.000	-	-	0.864727357746759	0.012	0.012	0.000	0.000
YWHAH	0.004	0.004	0.000	0.000	-	-	0.84369706519752	0.004	0.004	0.000	0.000
PLCD4	0.004	0.004	0.000	0.000	-	-	0.828156656218063	0.008	0.008	0.000	0.000
KCNH4	0.004	0.004	0.000	0.000	-	-	0.828156656218063	0.008	0.008	0.000	0.000
GNAO1	0.004	0.004	0.000	0.000	-	-	0.828156656218063	0.004	0.004	0.000	0.000
PCDHA12	0.016	0.016	0.000	0.000	-	-	0.819742542779091	0.016	0.016	0.000	0.000
APOB	0.008	0.008	0.000	0.000	-	-	0.816684537694152	0.032	0.032	0.000	0.000
ANK2	0.008	0.008	0.000	0.000	-	-	0.793116475167946	0.016	0.016	0.000	0.000
MYLK2	0.004	0.004	0.000	0.000	-	-	0.789186414442345	0.004	0.004	0.000	0.000
DCHS2	0.016	0.016	0.000	0.000	-	-	0.786529884218813	0.016	0.016	0.000	0.000
TG	0.008	0.008	0.000	0.000	-	-	0.785608772699104	0.016	0.012	0.000	0.004
APC	0.004	0.004	0.000	0.000	CC	PC	0.783415639587984	0.008	0.008	0.000	0.000
SSRP1	0.008	0.008	0.000	0.000	-	-	0.782130215404517	0.008	0.008	0.000	0.000
CDH4	0.012	0.012	0.000	0.000	-	-	0.781428001133488	0.016	0.016	0.000	0.000
TNKS	0.012	0.012	0.000	0.000	-	-	0.778137303241371	0.020	0.016	0.004	0.000
ELK1	0.004	0.000	0.000	0.004	-	-	0.771271466308064	0.004	0.000	0.000	0.004
CASK	0.004	0.000	0.000	0.004	-	-	0.771271466308064	0.004	0.000	0.000	0.004
SNX17	0.004	0.004	0.000	0.000	-	-	0.76971868386427	0.008	0.008	0.000	0.000
CSNK2A1	0.004	0.004	0.000	0.000	-	-	0.76971868386427	0.004	0.004	0.000	0.000
ITGA2	0.004	0.004	0.000	0.000	-	-	0.766441587322671	0.004	0.004	0.000	0.000
ACAN	0.012	0.012	0.000	0.000	-	-	0.754095537409002	0.020	0.020	0.000	0.000
MYH6	0.012	0.012	0.000	0.000	-	-	0.717618400429173	0.016	0.016	0.000	0.000
SPARCL1	0.004	0.004	0.000	0.000	-	-	0.708238754539627	0.004	0.004	0.000	0.000
FLT4	0.008	0.008	0.000	0.000	-	-	0.700814818912853	0.008	0.008	0.000	0.000
TCF12	0.004	0.004	0.000	0.000	CC	PC	0.700784803009016	0.004	0.004	0.000	0.000
COL6A6	0.004	0.004	0.000	0.000	-	-	0.700784803009016	0.008	0.008	0.000	0.000
OCLN	0.008	0.000	0.000	0.008	-	-	0.685966241555939	0.032	0.000	0.000	0.032
HLA-A	0.016	0.016	0.000	0.000	-	PC	0.677825797574763	0.016	0.016	0.000	0.000
PCDHA8	0.012	0.004	0.008	0.000	-	-	0.66613703907496	0.012	0.004	0.008	0.000
PLXNC1	0.004	0.004	0.000	0.000	-	-	0.652201634959714	0.004	0.004	0.000	0.000
CHD1	0.012	0.004	0.008	0.000	-	-	0.641320892899784	0.040	0.016	0.024	0.000
RYR1	0.024	0.024	0.000	0.000	-	-	0.626719397866547	0.032	0.032	0.000	0.000
PCDH19	0.008	0.004	0.000	0.004	-	-	0.620844777095725	0.016	0.012	0.000	0.004
RAC1	0.004	0.004	0.000	0.000	-	PC	0.609719876402083	0.004	0.004	0.000	0.000
ITGAD	0.004	0.004	0.000	0.000	-	-	0.609719876402083	0.004	0.004	0.000	0.000
PCDHGB3	0.008	0.008	0.000	0.000	-	-	0.602304427107312	0.008	0.008	0.000	0.000
SPOP	0.008	0.008	0.000	0.000	-	PC	0.586248806204647	0.099	0.099	0.000	0.000
PRKCB	0.008	0.008	0.000	0.000	-	-	0.578383107911503	0.008	0.008	0.000	0.000
BAI1	0.012	0.012	0.000	0.000	-	-	0.57430332473062	0.020	0.016	0.000	0.004
PCDH11Y	0.016	0.004	0.012	0.000	-	-	0.558543314502024	0.024	0.004	0.020	0.000
GRM1	0.008	0.008	0.000	0.000	-	-	0.555868144582217	0.008	0.008	0.000	0.000
CHD3	0.020	0.020	0.000	0.000	-	-	0.546566326344781	0.020	0.020	0.000	0.000
ACTR3	0.004	0.004	0.000	0.000	-	-	0.545517406212857	0.004	0.004	0.000	0.000
CACNA1E	0.028	0.028	0.000	0.000	-	-	0.54494870256075	0.028	0.028	0.000	0.000
SSB	0.004	0.004	0.000	0.000	-	-	0.543392610688829	0.008	0.008	0.000	0.000
AP2A2	0.008	0.008	0.000	0.000	-	-	0.541004396896333	0.008	0.008	0.000	0.000
CDH9	0.008	0.008	0.000	0.000	-	-	0.538327632030023	0.008	0.008	0.000	0.000
HDAC8	0.012	0.008	0.000	0.004	-	-	0.533934666453466	0.012	0.008	0.000	0.004
COL4A4	0.004	0.004	0.000	0.000	-	-	0.531963539166202	0.004	0.004	0.000	0.000
ZNF638	0.004	0.004	0.000	0.000	-	-	0.53098310391698	0.008	0.008	0.000	0.000
FIGF	0.008	0.000	0.000	0.008	-	-	0.518850936613862	0.012	0.000	0.000	0.012
JAK1	0.012	0.008	0.004	0.000	CC	-	0.517022593794112	0.012	0.008	0.004	0.000
MYL1	0.004	0.004	0.000	0.000	-	-	0.510263939177238	0.004	0.004	0.000	0.000
BACE1	0.004	0.004	0.000	0.000	-	-	0.510263939177238	0.004	0.004	0.000	0.000
THBS1	0.008	0.008	0.000	0.000	-	-	0.508115347278037	0.008	0.008	0.000	0.000
LAMC2	0.004	0.004	0.000	0.000	-	-	0.507305879809754	0.004	0.004	0.000	0.000
TNXB	0.024	0.024	0.000	0.000	-	-	0.502191266696527	0.028	0.028	0.000	0.000
PICALM	0.004	0.004	0.000	0.000	CC	-	0.49959838567169	0.004	0.004	0.000	0.000
PLG	0.004	0.004	0.000	0.000	-	-	0.486953550931825	0.004	0.004	0.000	0.000
PCDH17	0.008	0.008	0.000	0.000	-	-	0.478497427567525	0.016	0.016	0.000	0.000
COL15A1	0.004	0.004	0.000	0.000	-	-	0.477977338194063	0.004	0.004	0.000	0.000
FZD1	0.004	0.004	0.000	0.000	-	-	0.46912848091871	0.008	0.008	0.000	0.000
PRKY	0.004	0.000	0.004	0.000	-	-	0.467432590153587	0.016	0.000	0.016	0.000
FGF13	0.004	0.000	0.000	0.004	-	-	0.467432590153587	0.004	0.000	0.000	0.004
PLXNB2	0.004	0.000	0.004	0.000	-	-	0.467348313149575	0.008	0.004	0.004	0.000
LAMB4	0.004	0.004	0.000	0.000	-	-	0.462929465531163	0.008	0.004	0.000	0.004
PIK3CB	0.004	0.004	0.000	0.000	-	PC	0.452690512057861	0.008	0.004	0.000	0.004
PIK3C2A	0.004	0.004	0.000	0.000	-	-	0.452690512057861	0.004	0.004	0.000	0.000
GPSM1	0.004	0.004	0.000	0.000	-	-	0.452690512057861	0.004	0.004	0.000	0.000
GLIS1	0.004	0.004	0.000	0.000	-	-	0.452690512057861	0.004	0.004	0.000	0.000
NOTCH4	0.008	0.008	0.000	0.000	-	-	0.447835392958374	0.008	0.008	0.000	0.000
PCDH18	0.012	0.012	0.000	0.000	-	-	0.443634432129914	0.016	0.016	0.000	0.000
NCAM1	0.004	0.004	0.000	0.000	-	-	0.434082550844587	0.004	0.004	0.000	0.000
TPM1	0.004	0.004	0.000	0.000	-	-	0.427670969547246	0.004	0.004	0.000	0.000
PCDHGC5	0.008	0.008	0.000	0.000	-	-	0.420524573540852	0.012	0.012	0.000	0.000
CHEK2	0.016	0.016	0.000	0.000	CC	PC	0.413094055661995	0.020	0.020	0.000	0.000
PRKCA	0.008	0.008	0.000	0.000	-	-	0.40915042388976	0.008	0.008	0.000	0.000
CDH22	0.004	0.000	0.000	0.004	-	-	0.40091587499131	0.004	0.000	0.000	0.004
PCSK5	0.004	0.004	0.000	0.000	-	-	0.396526603669321	0.036	0.036	0.000	0.000
ABL1	0.008	0.008	0.000	0.000	CC	PC	0.395195109415619	0.012	0.012	0.000	0.000
NRCAM	0.004	0.004	0.000	0.000	-	-	0.390406608573077	0.012	0.008	0.000	0.004
SUFU	0.004	0.004	0.000	0.000	CC	-	0.390379307859713	0.004	0.004	0.000	0.000
MEN1	0.004	0.004	0.000	0.000	CC	-	0.38684041655403	0.004	0.004	0.000	0.000
FZD2	0.004	0.004	0.000	0.000	-	-	0.369737832312168	0.004	0.004	0.000	0.000
CTNNA3	0.004	0.004	0.000	0.000	-	-	0.368199598293886	0.004	0.004	0.000	0.000
CELSR1	0.004	0.004	0.000	0.000	-	-	0.358596052030863	0.008	0.008	0.000	0.000
DCHS1	0.008	0.008	0.000	0.000	-	-	0.352357323491009	0.012	0.012	0.000	0.000
SP3	0.004	0.004	0.000	0.000	-	-	0.349095900490271	0.004	0.004	0.000	0.000
LAMA3	0.008	0.008	0.000	0.000	-	-	0.340930394137152	0.012	0.012	0.000	0.000
HOXB3	0.004	0.004	0.000	0.000	-	-	0.324323834008961	0.004	0.004	0.000	0.000
PTK2	0.004	0.004	0.000	0.000	-	-	0.319310866509898	0.012	0.008	0.000	0.004
ST8SIA3	0.004	0.004	0.000	0.000	-	-	0.318474788573255	0.004	0.004	0.000	0.000
PLXNA2	0.008	0.008	0.000	0.000	-	-	0.315071869087376	0.008	0.008	0.000	0.000
HIPK1	0.008	0.008	0.000	0.000	-	-	0.314452486622438	0.012	0.012	0.000	0.000
CACNA1A	0.024	0.024	0.000	0.000	-	-	0.310696833536193	0.032	0.032	0.000	0.000
ITGAL	0.008	0.008	0.000	0.000	-	-	0.310338836643268	0.012	0.012	0.000	0.000
CDH23	0.012	0.012	0.000	0.000	-	-	0.309774995859349	0.016	0.016	0.000	0.000
COL7A1	0.012	0.012	0.000	0.000	-	-	0.308733072438395	0.016	0.016	0.000	0.000
PIP5K1C	0.008	0.008	0.000	0.000	-	-	0.307340345835244	0.012	0.012	0.000	0.000
MYH8	0.004	0.004	0.000	0.000	-	-	0.304053235573296	0.004	0.004	0.000	0.000
PCDHB5	0.012	0.008	0.004	0.000	-	-	0.303553539628925	0.012	0.008	0.004	0.000
CELSR2	0.012	0.012	0.000	0.000	-	-	0.299679500659047	0.016	0.016	0.000	0.000
BARD1	0.004	0.004	0.000	0.000	-	PC	0.29949228166372	0.004	0.004	0.000	0.000
MED1	0.008	0.008	0.000	0.000	-	-	0.293045369068551	0.012	0.012	0.000	0.000
MLH1	0.004	0.004	0.000	0.000	CC	-	0.290095258756719	0.004	0.004	0.000	0.000
PCDHA9	0.004	0.004	0.000	0.000	-	-	0.285867895929879	0.008	0.004	0.004	0.000
ITGAM	0.008	0.008	0.000	0.000	-	-	0.283160305273418	0.008	0.008	0.000	0.000
PCDHGB7	0.008	0.008	0.000	0.000	-	-	0.282773177392859	0.012	0.012	0.000	0.000
PCDHGA2	0.004	0.004	0.000	0.000	-	-	0.280700688411239	0.016	0.016	0.000	0.000
FASLG	0.004	0.004	0.000	0.000	-	-	0.270577509447248	0.004	0.004	0.000	0.000
HOXD10	0.004	0.004	0.000	0.000	-	-	0.267216668241517	0.012	0.012	0.000	0.000
PLCB4	0.008	0.008	0.000	0.000	-	-	0.265548198733961	0.012	0.012	0.000	0.000
KDR	0.008	0.008	0.000	0.000	CC	-	0.263679887872725	0.012	0.012	0.000	0.000
PTPRC	0.008	0.008	0.000	0.000	-	-	0.260908038171468	0.012	0.012	0.000	0.000
RAD21	0.004	0.004	0.000	0.000	-	PC	0.260644174572225	0.008	0.004	0.000	0.004
NCAM2	0.008	0.008	0.000	0.000	-	-	0.258233902981099	0.012	0.012	0.000	0.000
HIST1H2BK	0.004	0.004	0.000	0.000	-	-	0.25348101866364	0.008	0.008	0.000	0.000
TRPC7	0.008	0.008	0.000	0.000	-	-	0.246624500084273	0.008	0.008	0.000	0.000
SMAD3	0.004	0.004	0.000	0.000	-	-	0.246110146635276	0.004	0.004	0.000	0.000
EED	0.004	0.004	0.000	0.000	-	-	0.246110146635276	0.004	0.004	0.000	0.000
ITGBL1	0.008	0.008	0.000	0.000	-	-	0.245951554787891	0.008	0.008	0.000	0.000
PPP1R13B	0.004	0.004	0.000	0.000	-	-	0.244847732535483	0.004	0.004	0.000	0.000
MED12	0.004	0.004	0.000	0.000	CC	PC	0.241639674750163	0.020	0.020	0.000	0.000
DSP	0.008	0.008	0.000	0.000	-	-	0.241454023198223	0.008	0.008	0.000	0.000
PLXNA4	0.008	0.008	0.000	0.000	-	-	0.239361667993901	0.012	0.012	0.000	0.000
CPT1B	0.004	0.000	0.004	0.000	-	-	0.2370565932779	0.004	0.000	0.004	0.000
PCDHGA9	0.004	0.004	0.000	0.000	-	-	0.232811818471103	0.008	0.008	0.000	0.000
PCDHGA6	0.004	0.004	0.000	0.000	-	-	0.232332809618363	0.008	0.008	0.000	0.000
BRCA2	0.020	0.016	0.004	0.000	CC	PC	0.230456527964572	0.024	0.020	0.004	0.000
COL16A1	0.008	0.008	0.000	0.000	-	-	0.230036836882641	0.012	0.012	0.000	0.000
PCDHGA3	0.004	0.004	0.000	0.000	-	-	0.227142496115785	0.004	0.004	0.000	0.000
CRMP1	0.004	0.004	0.000	0.000	-	-	0.224796276250438	0.008	0.008	0.000	0.000
TBX4	0.004	0.004	0.000	0.000	-	-	0.223044514436351	0.004	0.004	0.000	0.000
PCDHB2	0.008	0.008	0.000	0.000	-	-	0.219836589908834	0.012	0.012	0.000	0.000
ARID1A	0.016	0.016	0.000	0.000	CC	PC	0.218247578179994	0.020	0.020	0.000	0.000
CDH18	0.004	0.004	0.000	0.000	-	-	0.217879287061533	0.008	0.008	0.000	0.000
FZD5	0.004	0.004	0.000	0.000	-	-	0.21568172973744	0.004	0.004	0.000	0.000
CRK	0.004	0.004	0.000	0.000	-	-	0.211534104220801	0.004	0.004	0.000	0.000
PCDH11X	0.004	0.004	0.000	0.000	-	-	0.210727105277861	0.008	0.008	0.000	0.000
NLRP12	0.004	0.004	0.000	0.000	-	-	0.210451532136494	0.008	0.008	0.000	0.000
CDH12	0.004	0.004	0.000	0.000	-	-	0.209897913024436	0.008	0.008	0.000	0.000
FOXA2	0.008	0.008	0.000	0.000	-	PC	0.209796280746293	0.008	0.008	0.000	0.000
ITGB2	0.004	0.004	0.000	0.000	-	-	0.204062111704742	0.008	0.008	0.000	0.000
CDH13	0.004	0.000	0.004	0.000	-	-	0.202483197351475	0.008	0.000	0.008	0.000
CDH24	0.004	0.004	0.000	0.000	-	-	0.202031198667313	0.004	0.004	0.000	0.000
BCL6	0.004	0.004	0.000	0.000	CC	-	0.200443774931484	0.012	0.012	0.000	0.000
CNOT1	0.004	0.004	0.000	0.000	-	-	0.199006297419841	0.012	0.012	0.000	0.000
CTNNAL1	0.008	0.008	0.000	0.000	-	-	0.196157104981771	0.016	0.016	0.000	0.000
CDX1	0.004	0.004	0.000	0.000	-	-	0.195392654584244	0.004	0.004	0.000	0.000
APBB3	0.012	0.012	0.000	0.000	-	-	0.193939561646226	0.012	0.012	0.000	0.000
PCDHB10	0.004	0.004	0.000	0.000	-	-	0.192947266909035	0.008	0.008	0.000	0.000
CDH6	0.004	0.004	0.000	0.000	-	-	0.185950383852042	0.008	0.008	0.000	0.000
GIT2	0.004	0.004	0.000	0.000	-	-	0.184314204447725	0.004	0.004	0.000	0.000
BCR	0.004	0.004	0.000	0.000	CC	-	0.184314204447725	0.004	0.004	0.000	0.000
ATF2	0.004	0.004	0.000	0.000	-	-	0.183367024895112	0.004	0.004	0.000	0.000
COL5A1	0.004	0.004	0.000	0.000	-	-	0.181856504242182	0.012	0.012	0.000	0.000
COL11A2	0.008	0.008	0.000	0.000	-	-	0.180700011763701	0.012	0.012	0.000	0.000
CNTNAP5	0.008	0.008	0.000	0.000	-	-	0.180351534980964	0.016	0.016	0.000	0.000
NCOR2	0.008	0.008	0.000	0.000	-	PC	0.180196548197906	0.016	0.012	0.004	0.000
CDH17	0.004	0.004	0.000	0.000	-	-	0.178317337961539	0.012	0.008	0.000	0.004
EPB41L3	0.028	0.028	0.000	0.000	-	-	0.176759045521367	0.028	0.028	0.000	0.000
RASGRF2	0.004	0.004	0.000	0.000	-	-	0.176647637713125	0.004	0.004	0.000	0.000
LAMC3	0.004	0.004	0.000	0.000	-	-	0.175931463123852	0.004	0.004	0.000	0.000
AKT1	0.004	0.004	0.000	0.000	CC	PC	0.175783209495774	0.004	0.004	0.000	0.000
GRID2	0.020	0.020	0.000	0.000	-	-	0.17508391545998	0.020	0.020	0.000	0.000
FZD10	0.008	0.008	0.000	0.000	-	-	0.172674732341867	0.012	0.012	0.000	0.000
PIK3R2	0.004	0.004	0.000	0.000	-	-	0.169831714995873	0.008	0.008	0.000	0.000
HOXC4	0.004	0.004	0.000	0.000	-	-	0.169295211049707	0.004	0.004	0.000	0.000
TP53BP1	0.012	0.012	0.000	0.000	-	PC	0.168583860139766	0.020	0.020	0.000	0.000
HOXB13	0.004	0.004	0.000	0.000	-	-	0.167551808552525	0.012	0.012	0.000	0.000
GRIK4	0.004	0.004	0.000	0.000	-	-	0.167164807993921	0.008	0.008	0.000	0.000
RBL2	0.004	0.004	0.000	0.000	-	-	0.166299276035781	0.004	0.004	0.000	0.000
HNRNPA2B1	0.008	0.000	0.000	0.008	CC	-	0.166170755037276	0.008	0.000	0.000	0.008
GGCX	0.004	0.004	0.000	0.000	-	-	0.164818404874676	0.004	0.004	0.000	0.000
DGKZ	0.004	0.004	0.000	0.000	-	-	0.164818404874676	0.004	0.004	0.000	0.000
CDH11	0.008	0.008	0.000	0.000	CC	-	0.164668741182569	0.008	0.008	0.000	0.000
F11	0.004	0.004	0.000	0.000	-	-	0.163691143668568	0.004	0.004	0.000	0.000
KCNJ5	0.004	0.004	0.000	0.000	-	-	0.162119952504766	0.004	0.004	0.000	0.000
HAP1	0.004	0.004	0.000	0.000	-	-	0.156990226062145	0.004	0.004	0.000	0.000
HRAS	0.008	0.008	0.000	0.000	CC	PC	0.1567207839365	0.012	0.012	0.000	0.000
SPTA1	0.032	0.032	0.000	0.000	-	-	0.15599870749248	0.032	0.032	0.000	0.000
CDH26	0.004	0.004	0.000	0.000	-	-	0.155397230513272	0.004	0.004	0.000	0.000
LAMA5	0.004	0.004	0.000	0.000	-	-	0.150493730164867	0.004	0.004	0.000	0.000
TERF1	0.004	0.000	0.000	0.004	-	-	0.14882422129889	0.012	0.000	0.000	0.012
CEBPB	0.004	0.004	0.000	0.000	-	-	0.14584039124167	0.004	0.004	0.000	0.000
TBX5	0.008	0.008	0.000	0.000	-	-	0.141922844299918	0.008	0.008	0.000	0.000
IFI16	0.008	0.008	0.000	0.000	-	-	0.140757651910771	0.008	0.008	0.000	0.000
RCOR1	0.004	0.004	0.000	0.000	-	-	0.140742415304755	0.004	0.004	0.000	0.000
PCDHAC1	0.004	0.004	0.000	0.000	-	-	0.140480955704304	0.008	0.008	0.000	0.000
RELN	0.008	0.008	0.000	0.000	-	-	0.140290150980139	0.012	0.012	0.000	0.000
NCAPG2	0.004	0.004	0.000	0.000	-	-	0.138637713727267	0.004	0.004	0.000	0.000
PCDHGA12	0.004	0.004	0.000	0.000	-	-	0.138558257327354	0.004	0.004	0.000	0.000
JUP	0.004	0.004	0.000	0.000	-	-	0.135634899454117	0.004	0.004	0.000	0.000
ITPR3	0.004	0.004	0.000	0.000	-	-	0.1321623447739	0.004	0.004	0.000	0.000
LAMB3	0.004	0.004	0.000	0.000	-	-	0.129222118341975	0.004	0.004	0.000	0.000
PRMT5	0.004	0.004	0.000	0.000	-	-	0.128113279124305	0.004	0.004	0.000	0.000
TRRAP	0.008	0.004	0.000	0.004	-	-	0.123257051415708	0.008	0.004	0.000	0.004
E2F5	0.004	0.000	0.000	0.004	-	-	0.121640435444882	0.016	0.000	0.000	0.016
SEMA6A	0.008	0.004	0.004	0.000	-	-	0.120799760367545	0.008	0.004	0.004	0.000
HNRNPAB	0.004	0.004	0.000	0.000	-	-	0.120760104262174	0.004	0.004	0.000	0.000
PPIAL4	0.004	0.000	0.000	0.004	-	-	0.116219948112601	0.071	0.000	0.036	0.036
UBE3A	0.004	0.000	0.000	0.004	-	-	0.112810058882088	0.004	0.000	0.000	0.004
PLXND1	0.004	0.004	0.000	0.000	-	-	0.112810058882088	0.012	0.008	0.000	0.004
ZFPM1	0.008	0.008	0.000	0.000	-	-	0.112734121378331	0.012	0.012	0.000	0.000
ITGB6	0.004	0.004	0.000	0.000	-	-	0.110836317102461	0.008	0.008	0.000	0.000
PPARA	0.004	0.004	0.000	0.000	-	-	0.108479024783337	0.008	0.008	0.000	0.000
TNNC2	0.004	0.000	0.000	0.004	-	-	0.107675905113087	0.004	0.000	0.000	0.004
SHC1	0.008	0.008	0.000	0.000	-	-	0.106299034044106	0.008	0.008	0.000	0.000
TCF7L2	0.004	0.004	0.000	0.000	CC	PC	0.104526100875401	0.008	0.008	0.000	0.000
NOTCH2NL	0.008	0.008	0.000	0.000	-	-	0.100756531673343	0.008	0.008	0.000	0.000
PLCB1	0.004	0.004	0.000	0.000	-	-	0.09986920128305	0.008	0.008	0.000	0.000
COL19A1	0.004	0.004	0.000	0.000	-	-	0.0993213589236956	0.004	0.004	0.000	0.000
PDZD2	0.008	0.008	0.000	0.000	-	-	0.0976734275339904	0.028	0.028	0.000	0.000
RASGRF1	0.008	0.008	0.000	0.000	-	-	0.0954870484014381	0.008	0.008	0.000	0.000
ATF4	0.004	0.004	0.000	0.000	-	-	0.0954276628496837	0.004	0.004	0.000	0.000
SCNN1G	0.004	0.004	0.000	0.000	-	-	0.0949612987988623	0.004	0.004	0.000	0.000
SMARCA1	0.012	0.012	0.000	0.000	-	-	0.0947999680708383	0.016	0.016	0.000	0.000
SEMA3A	0.004	0.004	0.000	0.000	-	-	0.0944692500020794	0.004	0.004	0.000	0.000
CDKN1B	0.012	0.008	0.004	0.000	-	PC	0.0917085115223177	0.020	0.016	0.004	0.000
SRCAP	0.012	0.012	0.000	0.000	-	-	0.0906265596416057	0.012	0.012	0.000	0.000
TRPM2	0.008	0.008	0.000	0.000	-	-	0.0893889737368862	0.008	0.008	0.000	0.000
SEMA6D	0.008	0.008	0.000	0.000	-	-	0.0887753183291758	0.008	0.008	0.000	0.000
INADL	0.004	0.004	0.000	0.000	-	-	0.0887446161833968	0.012	0.012	0.000	0.000
FLI1	0.004	0.004	0.000	0.000	CC	-	0.0842808366740198	0.004	0.004	0.000	0.000
ABCC9	0.004	0.004	0.000	0.000	-	-	0.0829701410744532	0.008	0.008	0.000	0.000
PCDHB14	0.004	0.004	0.000	0.000	-	-	0.0824320234681742	0.008	0.008	0.000	0.000
KCNJ10	0.004	0.004	0.000	0.000	-	-	0.0824241106846429	0.004	0.004	0.000	0.000
SCN5A	0.008	0.008	0.000	0.000	-	-	0.0816822295308746	0.024	0.024	0.000	0.000
MYBPC1	0.004	0.004	0.000	0.000	-	-	0.0813097136998464	0.004	0.004	0.000	0.000
FAS	0.004	0.004	0.000	0.000	-	-	0.0804850904940631	0.020	0.004	0.016	0.000
SPTBN4	0.008	0.008	0.000	0.000	-	-	0.0799433673951578	0.008	0.008	0.000	0.000
MYH2	0.004	0.004	0.000	0.000	-	-	0.0788872785262821	0.004	0.004	0.000	0.000
DPYSL5	0.004	0.004	0.000	0.000	-	-	0.0788872785262821	0.004	0.004	0.000	0.000
TJP3	0.004	0.004	0.000	0.000	-	-	0.0775204420531583	0.008	0.008	0.000	0.000
NR2F1	0.004	0.004	0.000	0.000	-	-	0.0773584270276706	0.004	0.004	0.000	0.000
PARVB	0.004	0.004	0.000	0.000	-	-	0.0769260020699929	0.004	0.004	0.000	0.000
PRKCG	0.004	0.004	0.000	0.000	-	-	0.0768442408100925	0.004	0.004	0.000	0.000
GRB14	0.004	0.004	0.000	0.000	-	-	0.076155767317279	0.016	0.012	0.004	0.000
ZFHX4	0.008	0.004	0.000	0.004	-	-	0.076135601692875	0.032	0.020	0.000	0.012
PAPPA2	0.004	0.004	0.000	0.000	-	-	0.0756760718857278	0.008	0.008	0.000	0.000
LRP4	0.004	0.004	0.000	0.000	-	-	0.074310509154973	0.016	0.016	0.000	0.000
PDE4C	0.004	0.004	0.000	0.000	-	-	0.0733481515813817	0.004	0.004	0.000	0.000
DLD	0.004	0.000	0.000	0.004	-	-	0.0723319686593147	0.004	0.000	0.000	0.004
ZFPM2	0.004	0.004	0.000	0.000	-	-	0.0688411707866381	0.016	0.012	0.000	0.004
STK4	0.004	0.000	0.000	0.004	-	-	0.0684530051739345	0.012	0.008	0.000	0.004
ERBB3	0.004	0.004	0.000	0.000	-	-	0.0681293335342365	0.008	0.008	0.000	0.000
RGMB	0.004	0.000	0.004	0.000	-	-	0.0669446966534571	0.024	0.004	0.020	0.000
TRPC6	0.004	0.004	0.000	0.000	-	-	0.0662686080882591	0.008	0.008	0.000	0.000
FBN2	0.004	0.004	0.000	0.000	-	PC	0.065282277519598	0.008	0.008	0.000	0.000
STOML3	0.004	0.004	0.000	0.000	-	-	0.0641475567776226	0.012	0.004	0.008	0.000
LRP6	0.008	0.004	0.004	0.000	-	-	0.0626632941009437	0.008	0.004	0.004	0.000
AP1S2	0.008	0.000	0.004	0.004	-	-	0.0618162777638274	0.020	0.000	0.004	0.016
VCAM1	0.004	0.004	0.000	0.000	-	-	0.0611252131894258	0.004	0.004	0.000	0.000
FLNA	0.004	0.000	0.000	0.004	-	-	0.0607444405959294	0.008	0.000	0.000	0.008
TAL2	0.004	0.004	0.000	0.000	CC	-	0.0591051724870651	0.004	0.004	0.000	0.000
COPA	0.004	0.004	0.000	0.000	-	-	0.058578932608475	0.004	0.004	0.000	0.000
BCL9	0.008	0.008	0.000	0.000	CC	-	0.058294353868506	0.012	0.012	0.000	0.000
PCDHB15	0.004	0.004	0.000	0.000	-	-	0.0580712239353738	0.008	0.008	0.000	0.000
CHD1L	0.008	0.004	0.004	0.000	-	-	0.0579186335176665	0.012	0.008	0.004	0.000
SIRT1	0.004	0.004	0.000	0.000	-	-	0.0577706244320246	0.004	0.004	0.000	0.000
DNMT1	0.008	0.008	0.000	0.000	-	-	0.0576125392702179	0.008	0.008	0.000	0.000
SIX1	0.008	0.008	0.000	0.000	-	-	0.0561140197062842	0.008	0.008	0.000	0.000
ADIPOR1	0.004	0.004	0.000	0.000	-	-	0.0557032072456861	0.004	0.004	0.000	0.000
TNN	0.008	0.008	0.000	0.000	-	-	0.055168023547445	0.008	0.008	0.000	0.000
NHLH2	0.004	0.004	0.000	0.000	-	-	0.0545542495158722	0.004	0.004	0.000	0.000
KRT16	0.004	0.004	0.000	0.000	-	-	0.0543811170035119	0.004	0.004	0.000	0.000
NR1I3	0.004	0.004	0.000	0.000	-	-	0.0542860422478595	0.004	0.004	0.000	0.000
CAMK1	0.004	0.004	0.000	0.000	-	-	0.0540437224747317	0.004	0.004	0.000	0.000
ITPKB	0.012	0.012	0.000	0.000	-	-	0.053924353680903	0.012	0.012	0.000	0.000
PBX4	0.008	0.008	0.000	0.000	-	-	0.0528475566064544	0.016	0.016	0.000	0.000
FGA	0.008	0.008	0.000	0.000	-	-	0.0521244956193395	0.012	0.012	0.000	0.000
TCAP	0.004	0.004	0.000	0.000	-	-	0.0517066172550754	0.008	0.008	0.000	0.000
TIMELESS	0.012	0.012	0.000	0.000	-	-	0.0514325041792824	0.012	0.012	0.000	0.000
HLA-DRB1	0.024	0.000	0.004	0.020	-	-	0.0504256193300562	0.083	0.004	0.016	0.067
ERBB2	0.004	0.004	0.000	0.000	CC	PC	0.0499559678534452	0.004	0.004	0.000	0.000
NLRP3	0.008	0.008	0.000	0.000	-	PC	0.0499472546610972	0.016	0.016	0.000	0.000
BCAR1	0.004	0.004	0.000	0.000	-	-	0.0482954349424579	0.004	0.004	0.000	0.000
UTRN	0.004	0.004	0.000	0.000	-	-	0.0480621391274429	0.004	0.004	0.000	0.000
PLCE1	0.008	0.008	0.000	0.000	-	-	0.0475954242601699	0.008	0.008	0.000	0.000
ADIPOR2	0.004	0.004	0.000	0.000	-	-	0.0472933401028087	0.004	0.004	0.000	0.000
CDC2L1	0.004	0.000	0.004	0.000	-	-	0.0467376099551869	0.012	0.000	0.012	0.000
COL4A2	0.004	0.004	0.000	0.000	-	-	0.0463706314564436	0.008	0.008	0.000	0.000
RCHY1	0.004	0.004	0.000	0.000	-	-	0.0460024547932794	0.004	0.004	0.000	0.000
COL17A1	0.004	0.004	0.000	0.000	-	-	0.0458735028844266	0.004	0.004	0.000	0.000
MPDZ	0.004	0.004	0.000	0.000	-	-	0.0455019281813448	0.008	0.008	0.000	0.000
CYBB	0.004	0.004	0.000	0.000	-	-	0.0452735177157599	0.016	0.004	0.000	0.012
JUNB	0.004	0.004	0.000	0.000	-	-	0.044749448670802	0.004	0.004	0.000	0.000
MAST1	0.004	0.004	0.000	0.000	-	-	0.0446138710786472	0.004	0.004	0.000	0.000
XRCC6	0.012	0.012	0.000	0.000	-	-	0.0437473188073884	0.012	0.012	0.000	0.000
SMARCA5	0.012	0.012	0.000	0.000	-	-	0.0430910943573766	0.012	0.012	0.000	0.000
ARID3A	0.004	0.004	0.000	0.000	-	-	0.0420147617961012	0.004	0.004	0.000	0.000
GRIK3	0.004	0.004	0.000	0.000	-	-	0.0412543567915897	0.004	0.004	0.000	0.000
HIVEP2	0.004	0.004	0.000	0.000	-	-	0.0399043831693651	0.008	0.008	0.000	0.000
MCM2	0.004	0.000	0.000	0.004	-	-	0.0393924465933431	0.004	0.000	0.000	0.004
RFX6	0.004	0.004	0.000	0.000	-	-	0.038831168686709	0.008	0.004	0.004	0.000
STK24	0.004	0.004	0.000	0.000	-	-	0.0387490358591139	0.004	0.004	0.000	0.000
PLK4	0.004	0.004	0.000	0.000	-	-	0.0387354515532764	0.004	0.004	0.000	0.000
TBX18	0.008	0.008	0.000	0.000	-	-	0.0384368565529755	0.016	0.008	0.008	0.000
KRT14	0.004	0.004	0.000	0.000	-	-	0.038408400647304	0.004	0.004	0.000	0.000
SERPIND1	0.004	0.004	0.000	0.000	-	-	0.037715057717123	0.008	0.008	0.000	0.000
ACTL6B	0.004	0.004	0.000	0.000	-	-	0.0369980288442119	0.008	0.008	0.000	0.000
SYK	0.004	0.004	0.000	0.000	CC	-	0.0368057896518803	0.008	0.008	0.000	0.000
TBX3	0.004	0.004	0.000	0.000	-	PC	0.0366750660845949	0.008	0.008	0.000	0.000
ATRX	0.004	0.004	0.000	0.000	CC	PC	0.0365977230236446	0.008	0.008	0.000	0.000
CAV3	0.004	0.004	0.000	0.000	-	-	0.0365809781580923	0.004	0.004	0.000	0.000
PCDHA3	0.004	0.004	0.000	0.000	-	-	0.0365431886960475	0.016	0.016	0.000	0.000
FANCI	0.004	0.004	0.000	0.000	-	-	0.0361490522704311	0.004	0.004	0.000	0.000
SPTBN2	0.004	0.004	0.000	0.000	-	-	0.0360246410994245	0.016	0.016	0.000	0.000
IFITM1	0.004	0.000	0.004	0.000	-	-	0.0360121367315282	0.008	0.004	0.004	0.000
APAF1	0.004	0.004	0.000	0.000	-	PC	0.0359592547601977	0.004	0.004	0.000	0.000
MADCAM1	0.004	0.004	0.000	0.000	-	-	0.0359504751032594	0.004	0.004	0.000	0.000
SMARCE1	0.004	0.004	0.000	0.000	-	-	0.0356248455407898	0.004	0.004	0.000	0.000
DNAH1	0.004	0.004	0.000	0.000	-	-	0.035306315440728	0.016	0.016	0.000	0.000
APBB1	0.004	0.004	0.000	0.000	-	-	0.0348706275322189	0.004	0.004	0.000	0.000
FCER1A	0.004	0.004	0.000	0.000	-	-	0.0344235874308709	0.004	0.004	0.000	0.000
GTSE1	0.004	0.004	0.000	0.000	-	-	0.033336737112576	0.008	0.008	0.000	0.000
CYCS	0.004	0.000	0.000	0.004	-	-	0.032222950658189	0.008	0.000	0.000	0.008
PBX2	0.004	0.004	0.000	0.000	-	-	0.0320032379215686	0.004	0.004	0.000	0.000
SPTBN1	0.004	0.004	0.000	0.000	-	-	0.0318937049382319	0.008	0.008	0.000	0.000
IDH3A	0.004	0.004	0.000	0.000	-	-	0.0318663788182597	0.004	0.004	0.000	0.000
SIX2	0.004	0.004	0.000	0.000	-	-	0.0310413787303766	0.004	0.004	0.000	0.000
TFDP2	0.008	0.004	0.000	0.004	-	-	0.0298883483822096	0.008	0.004	0.000	0.004
CETN2	0.004	0.000	0.000	0.004	-	-	0.029764725901175	0.008	0.000	0.000	0.008
TCF7L1	0.004	0.004	0.000	0.000	-	-	0.0291700336281732	0.004	0.004	0.000	0.000
SFRP2	0.004	0.004	0.000	0.000	-	-	0.0289830126363886	0.004	0.004	0.000	0.000
NES	0.004	0.004	0.000	0.000	-	-	0.0289666163627025	0.008	0.008	0.000	0.000
GRIN3A	0.004	0.004	0.000	0.000	-	-	0.0289399886114516	0.004	0.004	0.000	0.000
DAXX	0.004	0.004	0.000	0.000	CC	-	0.0284975760447873	0.004	0.004	0.000	0.000
ANAPC2	0.008	0.004	0.000	0.004	-	-	0.0284325261356983	0.008	0.004	0.000	0.004
SCML2	0.004	0.004	0.000	0.000	-	-	0.0283709623893641	0.020	0.004	0.004	0.012
PPARGC1B	0.004	0.004	0.000	0.000	-	-	0.02827167595227	0.004	0.004	0.000	0.000
FOXO3	0.004	0.000	0.004	0.000	-	-	0.0282320657211937	0.004	0.000	0.004	0.000
TLN2	0.004	0.004	0.000	0.000	-	-	0.0278353929487907	0.008	0.008	0.000	0.000
GRIK1	0.004	0.004	0.000	0.000	-	-	0.0274897860391242	0.008	0.008	0.000	0.000
DNM2	0.004	0.004	0.000	0.000	CC	-	0.0273932387236078	0.004	0.004	0.000	0.000
KCNQ5	0.004	0.004	0.000	0.000	-	-	0.0273599262081992	0.004	0.004	0.000	0.000
PCDHB4	0.004	0.004	0.000	0.000	-	-	0.0266448569121883	0.016	0.012	0.004	0.000
VCAN	0.012	0.012	0.000	0.000	-	-	0.0265817154157868	0.016	0.016	0.000	0.000
MPP3	0.004	0.004	0.000	0.000	-	-	0.0262874206422467	0.004	0.004	0.000	0.000
CHD9	0.004	0.004	0.000	0.000	-	-	0.0262808560119965	0.004	0.004	0.000	0.000
LRCH4	0.004	0.004	0.000	0.000	-	-	0.0259093411404466	0.004	0.004	0.000	0.000
PRKAA2	0.004	0.004	0.000	0.000	-	-	0.0259054451020493	0.012	0.012	0.000	0.000
CLTC	0.004	0.004	0.000	0.000	CC	PC	0.0258382491414788	0.008	0.008	0.000	0.000
ROBO3	0.004	0.004	0.000	0.000	-	-	0.0255786854311016	0.012	0.012	0.000	0.000
CHD7	0.008	0.008	0.000	0.000	-	-	0.0253096920933269	0.024	0.016	0.000	0.008
P2RY4	0.008	0.008	0.000	0.000	-	-	0.0252330223036556	0.008	0.008	0.000	0.000
TRPC3	0.004	0.004	0.000	0.000	-	-	0.0250410378406014	0.004	0.004	0.000	0.000
ITPR1	0.004	0.004	0.000	0.000	-	-	0.0247755737616829	0.004	0.004	0.000	0.000
INPP5D	0.004	0.004	0.000	0.000	-	-	0.0245388821933628	0.008	0.008	0.000	0.000
LRP8	0.004	0.004	0.000	0.000	-	-	0.0245100797115704	0.004	0.004	0.000	0.000
MYH9	0.004	0.004	0.000	0.000	CC	PC	0.0244979827348789	0.012	0.012	0.000	0.000
PVRL1	0.004	0.004	0.000	0.000	-	-	0.0235390629516779	0.004	0.004	0.000	0.000
SMARCAL1	0.004	0.004	0.000	0.000	-	-	0.0235114561335861	0.004	0.004	0.000	0.000
TPO	0.004	0.004	0.000	0.000	-	-	0.0229381669877904	0.004	0.004	0.000	0.000
SLC25A6	0.004	0.000	0.000	0.004	-	-	0.0229291440352337	0.008	0.000	0.000	0.008
RXRG	0.004	0.004	0.000	0.000	-	-	0.022880548501262	0.004	0.004	0.000	0.000
GABRR1	0.004	0.004	0.000	0.000	-	-	0.0228126941632744	0.008	0.004	0.004	0.000
NRXN3	0.004	0.004	0.000	0.000	-	-	0.0225895502755382	0.008	0.008	0.000	0.000
MFNG	0.004	0.004	0.000	0.000	-	-	0.0224831831005759	0.004	0.004	0.000	0.000
RHOC	0.004	0.004	0.000	0.000	-	-	0.0224535226397367	0.008	0.008	0.000	0.000
TFAP2B	0.004	0.004	0.000	0.000	-	-	0.0222787208166006	0.008	0.008	0.000	0.000
ACTRT1	0.004	0.004	0.000	0.000	-	-	0.0221727371791834	0.008	0.008	0.000	0.000
NUMB	0.004	0.004	0.000	0.000	-	-	0.0217648916727563	0.004	0.004	0.000	0.000
WWP1	0.012	0.008	0.000	0.004	-	-	0.0216356882456319	0.016	0.008	0.000	0.008
FZR1	0.008	0.008	0.000	0.000	-	-	0.0210536457289783	0.008	0.008	0.000	0.000
LRP10	0.004	0.004	0.000	0.000	-	-	0.0208142027652504	0.008	0.008	0.000	0.000
POU2F1	0.004	0.004	0.000	0.000	-	-	0.0207939866984472	0.004	0.004	0.000	0.000
KRT5	0.004	0.004	0.000	0.000	-	-	0.0207801592002862	0.004	0.004	0.000	0.000
CHD4	0.008	0.008	0.000	0.000	-	PC	0.0198404599810559	0.016	0.016	0.000	0.000
GRIA2	0.004	0.004	0.000	0.000	-	-	0.0197820589265415	0.004	0.004	0.000	0.000
SEMA6C	0.004	0.004	0.000	0.000	-	-	0.0194927999523365	0.004	0.004	0.000	0.000
JUND	0.004	0.004	0.000	0.000	-	-	0.0193149250920283	0.004	0.004	0.000	0.000
SETD2	0.004	0.004	0.000	0.000	CC	PC	0.0192245340634071	0.016	0.016	0.000	0.000
FANCA	0.004	0.004	0.000	0.000	CC	PC	0.0189322723050188	0.004	0.004	0.000	0.000
CNOT2	0.004	0.004	0.000	0.000	-	-	0.0188832879109023	0.004	0.004	0.000	0.000
GRIK5	0.004	0.004	0.000	0.000	-	-	0.0188082571678399	0.004	0.004	0.000	0.000
MYO18B	0.004	0.004	0.000	0.000	-	-	0.0186427288336456	0.020	0.020	0.000	0.000
PAK2	0.004	0.004	0.000	0.000	-	-	0.0185142824829391	0.004	0.004	0.000	0.000
SIRT2	0.004	0.004	0.000	0.000	-	-	0.0184547195525644	0.004	0.004	0.000	0.000
SV2A	0.004	0.004	0.000	0.000	-	-	0.0181855510506681	0.004	0.004	0.000	0.000
ALDH1A3	0.004	0.004	0.000	0.000	-	-	0.0180545187216615	0.004	0.004	0.000	0.000
MYO9A	0.004	0.004	0.000	0.000	-	-	0.0180266592483404	0.012	0.012	0.000	0.000
BLK	0.004	0.004	0.000	0.000	-	-	0.0177932631090342	0.008	0.004	0.004	0.000
ZMYM3	0.008	0.008	0.000	0.000	-	-	0.0175833336144085	0.020	0.020	0.000	0.000
SIPA1L1	0.008	0.008	0.000	0.000	-	-	0.0174811856039533	0.012	0.012	0.000	0.000
ZNFX1	0.004	0.004	0.000	0.000	-	-	0.0172983037186412	0.008	0.008	0.000	0.000
JAM2	0.004	0.004	0.000	0.000	-	-	0.0172566835490099	0.008	0.004	0.000	0.004
MYO9B	0.004	0.004	0.000	0.000	-	-	0.0171529082473696	0.008	0.008	0.000	0.000
LPA	0.004	0.004	0.000	0.000	-	-	0.017152384039742	0.004	0.004	0.000	0.000
SPTAN1	0.004	0.004	0.000	0.000	-	-	0.0165671460334152	0.004	0.004	0.000	0.000
CCNF	0.004	0.004	0.000	0.000	-	-	0.0164259927815504	0.004	0.004	0.000	0.000
TNFAIP6	0.004	0.004	0.000	0.000	-	-	0.0161846934999242	0.004	0.004	0.000	0.000
CFH	0.004	0.004	0.000	0.000	-	PC	0.0160677335237396	0.020	0.020	0.000	0.000
NOD1	0.008	0.004	0.000	0.004	-	-	0.0160301912744342	0.012	0.004	0.000	0.008
PARK2	0.004	0.004	0.000	0.000	-	-	0.0159739995095167	0.004	0.004	0.000	0.000
CHD6	0.004	0.004	0.000	0.000	-	-	0.015916902320288	0.016	0.016	0.000	0.000
TBL1XR1	0.004	0.000	0.000	0.004	-	PC	0.0157891586326225	0.008	0.004	0.000	0.004
NLRC4	0.004	0.004	0.000	0.000	-	-	0.015658262698141	0.004	0.004	0.000	0.000
NCAN	0.004	0.004	0.000	0.000	-	-	0.0155344522389492	0.008	0.008	0.000	0.000
LHX1	0.004	0.004	0.000	0.000	-	-	0.0152894883881294	0.008	0.008	0.000	0.000
GHR	0.004	0.004	0.000	0.000	-	-	0.0151294297211405	0.004	0.004	0.000	0.000
SYNJ2	0.004	0.004	0.000	0.000	-	-	0.0150275111463621	0.008	0.008	0.000	0.000
LRP3	0.004	0.004	0.000	0.000	-	-	0.0146064361746094	0.004	0.004	0.000	0.000
MDM4	0.004	0.004	0.000	0.000	CC	-	0.0145340455437714	0.004	0.004	0.000	0.000
CCND3	0.004	0.004	0.000	0.000	CC	-	0.0140429356157168	0.004	0.004	0.000	0.000
CALML6	0.004	0.004	0.000	0.000	-	-	0.0138739847262343	0.004	0.004	0.000	0.000
HNRNPC	0.004	0.004	0.000	0.000	-	-	0.0134845318263254	0.004	0.004	0.000	0.000
ADAM10	0.004	0.004	0.000	0.000	-	PC	0.0132481225596046	0.004	0.004	0.000	0.000
MYBL1	0.004	0.004	0.000	0.000	-	-	0.0132394708598671	0.012	0.004	0.000	0.008
CDC25B	0.004	0.004	0.000	0.000	-	-	0.0131262890379508	0.008	0.008	0.000	0.000
PDPK1	0.004	0.004	0.000	0.000	-	-	0.0129985605836629	0.004	0.004	0.000	0.000
STAT4	0.008	0.008	0.000	0.000	-	-	0.012950789706024	0.012	0.012	0.000	0.000
MX1	0.004	0.004	0.000	0.000	-	-	0.0122944115101272	0.008	0.008	0.000	0.000
HLA-DRA	0.004	0.004	0.000	0.000	-	-	0.0122635610615088	0.004	0.004	0.000	0.000
NOS1	0.004	0.004	0.000	0.000	-	-	0.0122496279974392	0.008	0.008	0.000	0.000
RPS6KA5	0.004	0.004	0.000	0.000	-	-	0.0120524168494147	0.012	0.012	0.000	0.000
CDK6	0.004	0.000	0.000	0.004	CC	-	0.011904876738298	0.004	0.000	0.000	0.004
IQGAP2	0.004	0.004	0.000	0.000	-	-	0.0118925862616848	0.004	0.004	0.000	0.000
STRN4	0.004	0.004	0.000	0.000	-	-	0.0116290629991486	0.004	0.004	0.000	0.000
KRT1	0.004	0.004	0.000	0.000	-	-	0.0115889756317064	0.008	0.008	0.000	0.000
OBSCN	0.004	0.004	0.000	0.000	-	-	0.0113054115521107	0.040	0.040	0.000	0.000
TLK1	0.004	0.004	0.000	0.000	-	-	0.011224125321186	0.004	0.004	0.000	0.000
DGKB	0.004	0.000	0.000	0.004	-	-	0.0112015916949169	0.008	0.004	0.000	0.004
CD163	0.004	0.004	0.000	0.000	-	-	0.0110828913557625	0.008	0.008	0.000	0.000
HTR2A	0.004	0.004	0.000	0.000	-	-	0.0110602082413359	0.008	0.008	0.000	0.000
TSC2	0.004	0.004	0.000	0.000	CC	PC	0.0110352091745568	0.008	0.008	0.000	0.000
LRRC59	0.004	0.004	0.000	0.000	-	-	0.010854887813963	0.004	0.004	0.000	0.000
MBD3	0.004	0.004	0.000	0.000	-	-	0.0108515391083161	0.004	0.004	0.000	0.000
MSH6	0.004	0.004	0.000	0.000	CC	-	0.0105664644598614	0.004	0.004	0.000	0.000
SMARCD2	0.004	0.004	0.000	0.000	-	-	0.0104148300607746	0.008	0.008	0.000	0.000
GSK3B	0.004	0.004	0.000	0.000	-	-	0.0103651569645562	0.004	0.004	0.000	0.000
PAG1	0.004	0.004	0.000	0.000	-	-	0.00970433254955996	0.024	0.008	0.000	0.016
SEMA4C	0.004	0.004	0.000	0.000	-	-	0.00969371057341468	0.008	0.008	0.000	0.000
TBL1X	0.004	0.000	0.000	0.004	-	-	0.00963704599761139	0.008	0.000	0.000	0.008
TLX1	0.004	0.004	0.000	0.000	CC	-	0.00941723528363393	0.004	0.004	0.000	0.000
LTBP1	0.004	0.004	0.000	0.000	-	-	0.00940305081756452	0.008	0.008	0.000	0.000
ARID1B	0.004	0.004	0.000	0.000	-	-	0.00882114760331369	0.004	0.004	0.000	0.000
SYNGAP1	0.004	0.004	0.000	0.000	-	-	0.00878755536831055	0.004	0.004	0.000	0.000
TFDP1	0.004	0.004	0.000	0.000	-	PC	0.00858892884832833	0.004	0.004	0.000	0.000
SERPINB5	0.004	0.004	0.000	0.000	-	-	0.00851079346549917	0.008	0.008	0.000	0.000
KCNA5	0.004	0.004	0.000	0.000	-	-	0.00850142119343754	0.008	0.008	0.000	0.000
IRF3	0.004	0.004	0.000	0.000	-	-	0.0084486999088046	0.008	0.008	0.000	0.000
DLC1	0.004	0.004	0.000	0.000	-	-	0.00839427223283762	0.024	0.016	0.004	0.004
WDR77	0.004	0.004	0.000	0.000	-	-	0.00831270752494611	0.004	0.004	0.000	0.000
PEG3	0.004	0.004	0.000	0.000	-	-	0.00829449182544135	0.008	0.008	0.000	0.000
PGM5	0.004	0.004	0.000	0.000	-	-	0.00764709073298079	0.004	0.004	0.000	0.000
TBL1Y	0.004	0.000	0.004	0.000	-	-	0.00761868586665175	0.016	0.000	0.016	0.000
TFDP3	0.004	0.004	0.000	0.000	-	-	0.00752483037638548	0.008	0.008	0.000	0.000
ANAPC1	0.004	0.004	0.000	0.000	-	PC	0.00750628320856004	0.012	0.012	0.000	0.000
GRB7	0.004	0.004	0.000	0.000	-	-	0.00741704515094262	0.004	0.004	0.000	0.000
RUNX1T1	0.004	0.004	0.000	0.000	-	-	0.00737214531130623	0.020	0.012	0.000	0.008
PLCG2	0.004	0.004	0.000	0.000	-	-	0.00721153083366964	0.012	0.004	0.008	0.000
SH3GL2	0.004	0.004	0.000	0.000	-	-	0.00706722447109766	0.004	0.004	0.000	0.000
CD3G	0.004	0.000	0.000	0.004	-	-	0.00703438722809111	0.008	0.000	0.000	0.008
APPL2	0.004	0.004	0.000	0.000	-	-	0.00700824551700679	0.004	0.004	0.000	0.000
CDC27	0.004	0.004	0.000	0.000	-	-	0.00685227293865746	0.008	0.008	0.000	0.000
ABCB1	0.004	0.004	0.000	0.000	-	PC	0.00684398844314778	0.012	0.012	0.000	0.004
MAP1A	0.004	0.004	0.000	0.000	-	-	0.00674671329569631	0.008	0.008	0.000	0.000
ANAPC5	0.004	0.004	0.000	0.000	-	-	0.00648187192665909	0.012	0.012	0.000	0.000
DTNA	0.004	0.004	0.000	0.000	-	-	0.00636702509645615	0.004	0.004	0.000	0.000
CAMK2A	0.004	0.004	0.000	0.000	-	-	0.00628092658927206	0.004	0.004	0.000	0.000
PPP3CC	0.004	0.004	0.000	0.000	-	-	0.00624521218845683	0.012	0.004	0.008	0.000
FZD6	0.004	0.004	0.000	0.000	-	-	0.006079612408205	0.008	0.004	0.000	0.004
SUV39H1	0.004	0.000	0.000	0.004	-	-	0.00600108513044504	0.004	0.000	0.000	0.004
ADRB1	0.004	0.004	0.000	0.000	-	-	0.00588989725740849	0.004	0.004	0.000	0.000
MCC	0.004	0.004	0.000	0.000	-	-	0.00573586628935405	0.016	0.016	0.000	0.000
RERE	0.004	0.004	0.000	0.000	-	-	0.00568980974255996	0.008	0.008	0.000	0.000
FPR1	0.004	0.004	0.000	0.000	-	-	0.00545976897929925	0.004	0.004	0.000	0.000
FBN1	0.004	0.004	0.000	0.000	-	-	0.00535973452305564	0.040	0.040	0.000	0.000
AGTR1	0.004	0.004	0.000	0.000	-	-	0.00507001393232833	0.008	0.008	0.000	0.000
PKN2	0.004	0.004	0.000	0.000	-	-	0.00499127565900734	0.008	0.008	0.000	0.000
ADAM12	0.004	0.004	0.000	0.000	-	-	0.00488279846569068	0.004	0.004	0.000	0.000
MED17	0.004	0.004	0.000	0.000	-	PC	0.00481178963997508	0.004	0.004	0.000	0.000
TLR9	0.004	0.004	0.000	0.000	-	-	0.00471884511848329	0.004	0.004	0.000	0.000
BAZ1B	0.004	0.004	0.000	0.000	-	-	0.0044390955490048	0.008	0.008	0.000	0.000
RPA2	0.004	0.004	0.000	0.000	-	-	0.00433900121732111	0.004	0.004	0.000	0.000
GPS2	0.004	0.004	0.000	0.000	-	PC	0.00405636064357298	0.004	0.004	0.000	0.000
